8087,1926,2882,3223,1650
8087,1918,2866,3222,1637
8087,1921,2873,3229,1629
8087,1915,2860,3212,1646
7720,1926,2868,3220,1654
8087,1914,2864,3213,1642
8087,1915,2868,3226,1633
8087,1915,2865,3215,1650
7720,1916,2867,3221,1661
8087,1915,2860,3213,1637
8087,1922,2868,3227,1644
8087,1916,2866,3214,1652
7720,1922,2878,3226,1668
8087,1921,2867,3222,1637
8087,1917,2875,3226,1647
8087,1925,2870,3230,1618
7720,1919,2875,3230,1663
8087,1926,2877,3224,1644
8087,1914,2876,3232,1638
8087,1930,2874,3230,1625
8087,1921,2874,3230,1655
7720,1927,2882,3224,1654
8087,1915,2869,3219,1644
8087,1923,2877,3226,1622
8087,1916,2871,3227,1659
7720,1925,2882,3228,1657
8087,1916,2877,3231,1645
8087,1925,2874,3229,1638
8087,1920,2869,3227,1656
7720,1930,2885,3226,1664
8087,1917,2876,3218,1648
8087,1922,2881,3235,1638
8087,1917,2867,3219,1630
8087,1929,2886,3233,1649
7720,1918,2871,3218,1643
8087,1920,2886,3238,1648
8087,1920,2865,3221,1628
8087,1916,2882,3236,1656
7720,1922,2870,3220,1646
8087,1917,2883,3233,1649
8087,1920,2868,3222,1627
8087,1912,2875,3239,1656
7720,1925,2874,3220,1653
8087,1919,2881,3232,1651
8087,1929,2873,3226,1631
8087,1910,2876,3231,1627
7720,1927,2877,3219,1655
8087,1908,2874,3227,1651
8087,1926,2892,3230,1635
8087,1908,2867,3226,1633
8087,1918,2879,3238,1647
7720,1912,2868,3224,1651
8087,1920,2879,3229,1635
8087,1910,2859,3219,1628
8087,1926,2879,3235,1646
7720,1906,2859,3214,1652
8087,1922,2872,3225,1643
8087,1912,2857,3212,1635
8087,1918,2871,3232,1659
7720,1916,2858,3213,1655
8087,1915,2874,3219,1654
8087,1915,2859,3214,1626
8087,1916,2864,3227,1632
7720,1912,2862,3211,1656
8087,1911,2864,3215,1657
8087,1919,2856,3218,1630
8087,1909,2859,3224,1633
8087,1921,2863,3215,1639
7720,1913,2862,3215,1654
8087,1922,2865,3210,1636
8087,1899,2849,3205,1632
8087,1908,2857,3204,1640
7720,1907,2845,3198,1660
8087,1914,2859,3210,1638
8087,1897,2841,3208,1633
8087,1912,2863,3210,1649
7720,1901,2846,3206,1660
8087,1912,2867,3218,1643
8087,1903,2850,3208,1634
8087,1909,2865,3224,1624
7720,1901,2852,3206,1665
8087,1914,2863,3217,1651
8087,1905,2850,3206,1639
8087,1912,2859,3215,1635
8087,1912,2857,3208,1644
7690,1902,2859,3217,1662
8087,1905,2854,3201,1636
8087,1908,2854,3216,1640
8087,1901,2852,3209,1647
7720,1903,2864,3211,1673
8087,1909,2858,3201,1635
8087,1902,2862,3217,1643
8087,1917,2851,3200,1621
8087,1902,2850,3213,1652
7690,1911,2858,3200,1647
8087,1899,2852,3205,1644
8087,1913,2852,3200,1627
8087,1896,2852,3214,1656
7720,1915,2860,3206,1653
8087,1899,2846,3206,1648
8087,1911,2864,3216,1632
8087,1901,2849,3208,1629
7720,1908,2865,3215,1660
8087,1900,2855,3205,1644
8087,1910,2869,3211,1638
8087,1897,2843,3200,1627
8087,1902,2857,3215,1645
7690,1897,2847,3199,1656
8087,1907,2856,3213,1650
8087,1903,2844,3202,1630
8087,1901,2858,3211,1629
7720,1912,2851,3200,1656
8087,1903,2860,3209,1658
8087,1908,2852,3199,1628
8087,1904,2851,3205,1639
8087,1908,2853,3193,1639
7720,1901,2852,3213,1655
8087,1912,2858,3200,1633
8087,1897,2855,3212,1634
8087,1912,2856,3209,1641
7690,1898,2856,3202,1667
8087,1911,2858,3210,1640
8087,1899,2855,3209,1638
8087,1916,2855,3204,1621
7720,1902,2847,3207,1664
8087,1909,2857,3208,1643
8087,1900,2851,3204,1637
8087,1904,2856,3210,1624
8087,1897,2844,3206,1645
7720,1912,2857,3206,1650
8087,1899,2842,3196,1637
8087,1902,2856,3213,1630
8087,1896,2845,3206,1649
7690,1907,2859,3207,1664
8087,1904,2839,3203,1643
8087,1901,2853,3212,1640
8087,1901,2845,3198,1624
8087,1912,2856,3212,1652
7720,1902,2839,3197,1645
8087,1903,2850,3206,1646
8087,1902,2843,3198,1625
8087,1904,2855,3206,1657
7720,1911,2848,3200,1647
8087,1903,2858,3210,1647
8087,1909,2845,3196,1624
8087,1908,2852,3208,1656
7690,1917,2858,3208,1656
8087,1897,2851,3207,1653
8087,1914,2855,3206,1633
8087,1901,2843,3204,1629
8087,1902,2853,3211,1641
7720,1901,2846,3204,1652
8087,1913,2861,3204,1633
8087,1900,2839,3206,1630
8087,1905,2857,3209,1652
7720,1897,2839,3197,1657
8087,1912,2850,3222,1647
8087,1898,2847,3196,1632
8087,1904,2863,3215,1656
8056,1899,2850,3213,1643
7720,1908,2856,3213,1656
8087,1906,2856,3210,1632
8087,1901,2860,3216,1635
8087,1907,2859,3213,1645
7720,1908,2855,3210,1664
8087,1908,2858,3203,1631
8087,1900,2853,3212,1640
8087,1911,2859,3205,1647
7720,1904,2853,3216,1658
8087,1915,2853,3211,1637
8087,1902,2854,3212,1638
8087,1919,2862,3220,1621
8056,1900,2858,3219,1657
7720,1916,2863,3217,1649
8087,1899,2864,3222,1642
8087,1912,2866,3223,1629
8087,1903,2859,3215,1650
7720,1913,2868,3218,1655
8087,1905,2853,3215,1644
8087,1911,2861,3221,1636
8087,1905,2850,3211,1656
7720,1916,2868,3217,1665
8087,1907,2854,3214,1642
8087,1914,2871,3225,1640
8087,1902,2856,3215,1623
8056,1905,2870,3227,1655
7720,1916,2853,3207,1651
8087,1904,2869,3232,1651
8087,1906,2850,3206,1628
8087,1902,2862,3219,1660
7720,1903,2854,3204,1650
8087,1904,2859,3214,1655
8087,1904,2868,3195,1627
8087,1900,2853,3220,1635
7720,1903,2857,3209,1657
8087,1892,2859,3215,1650
8087,1908,2864,3214,1633
8087,1894,2859,3218,1630
8056,1911,2871,3217,1643
7720,1897,2853,3220,1661
8087,1912,2872,3225,1640
8087,1898,2856,3221,1631
8087,1908,2876,3221,1649
7720,1898,2863,3219,1665
8087,1905,2876,3228,1646
8087,1903,2858,3217,1640
8087,1912,2874,3229,1633
8087,1904,2862,3223,1649
7720,1908,2869,3231,1654
8087,1901,2865,3221,1639
8087,1904,2872,3229,1633
8056,1910,2863,3215,1654
7720,1908,2861,3215,1668
8087,1903,2859,3216,1638
8087,1903,2866,3222,1644
8087,1904,2854,3216,1618
7720,1909,2871,3232,1672
8087,1909,2866,3218,1640
8087,1906,2869,3230,1647
8087,1913,2867,3229,1619
8087,1897,2867,3237,1654
7720,1918,2870,3218,1649
8087,1900,2867,3225,1649
8087,1916,2869,3218,1626
8056,1901,2856,3220,1628
7720,1910,2871,3218,1655
8087,1900,2861,3216,1655
8087,1910,2879,3219,1634
8087,1895,2855,3220,1629
8087,1904,2871,3221,1645
7720,1905,2857,3216,1654
8087,1908,2870,3224,1639
8087,1897,2851,3218,1629
8087,1912,2872,3227,1650
7720,1907,2858,3218,1658
8087,1911,2875,3230,1647
8087,1907,2863,3217,1631
8056,1912,2870,3227,1634
7720,1909,2861,3212,1652
8087,1904,2868,3225,1655
8087,1905,2869,3215,1635
8087,1898,2866,3224,1633
8087,1914,2868,3221,1643
7720,1905,2868,3227,1655
8087,1911,2868,3216,1632
8087,1906,2861,3227,1631
8087,1914,2871,3223,1648
7720,1902,2869,3225,1659
8087,1914,2867,3219,1642
8087,1900,2853,3223,1634
8087,1911,2866,3215,1652
7720,1908,2855,3214,1664
8087,1907,2866,3221,1646
8087,1901,2866,3227,1638
8056,1901,2869,3226,1626
8087,1904,2853,3215,1651
7720,1907,2871,3224,1655
8087,1903,2860,3214,1639
8087,1914,2866,3225,1636
8087,1901,2862,3217,1651
7720,1912,2865,3227,1663
8087,1897,2858,3220,1640
8087,1908,2870,3231,1639
8087,1911,2855,3220,1622
7720,1912,2868,3222,1673
8087,1908,2861,3220,1641
8087,1901,2866,3230,1644
8056,1911,2860,3218,1623
8087,1904,2868,3229,1660
7720,1915,2866,3216,1653
8087,1903,2863,3228,1652
8087,1914,2861,3212,1628
8087,1905,2865,3233,1665
7720,1913,2870,3221,1658
8087,1895,2861,3224,1651
8087,1917,2869,3219,1631
8087,1903,2850,3215,1635
8087,1913,2873,3222,1646
7720,1901,2854,3217,1653
8087,1911,2874,3225,1641
8056,1901,2852,3218,1637
8087,1916,2868,3225,1654
7720,1897,2852,3215,1657
8087,1910,2866,3221,1640
8087,1901,2865,3210,1631
8087,1908,2866,3233,1626
7720,1901,2864,3219,1662
8087,1903,2864,3224,1654
8087,1908,2860,3216,1632
8087,1905,2861,3230,1633
8087,1908,2860,3214,1642
7720,1908,2863,3224,1662
8087,1910,2866,3220,1633
8056,1904,2855,3221,1640
8087,1908,2857,3212,1652
7720,1901,2866,3223,1666
8087,1913,2855,3208,1643
8087,1898,2860,3218,1639
8087,1911,2860,3208,1618
8087,1904,2859,3217,1649
7720,1911,2866,3217,1641
8087,1901,2861,3225,1647
8087,1909,2862,3222,1624
8087,1904,2857,3215,1650
7720,1916,2868,3216,1655
8087,1906,2853,3213,1641
8056,1913,2872,3217,1637
8087,1899,2846,3206,1628
7720,1908,2858,3220,1669
8087,1895,2846,3201,1646
8087,1903,2863,3222,1640
8087,1902,2854,3207,1631
8087,1904,2867,3228,1650
7720,1902,2853,3212,1646
8087,1902,2867,3223,1640
8087,1900,2851,3214,1623
8087,1908,2863,3234,1658
7720,1902,2868,3215,1648
8087,1904,2870,3223,1651
8056,1909,2861,3217,1635
8087,1896,2865,3224,1626
8087,1911,2865,3217,1639
7720,1899,2861,3218,1656
8087,1911,2863,3225,1629
8087,1894,2858,3222,1632
8087,1908,2866,3225,1640
7720,1894,2859,3221,1655
8087,1913,2870,3224,1635
8087,1903,2849,3226,1635
8087,1908,2867,3220,1653
7720,1895,2845,3210,1660
8087,1903,2866,3217,1644
8056,1906,2854,3212,1634
8087,1901,2860,3222,1626
8087,1903,2854,3214,1646
7720,1904,2860,3232,1654
8087,1900,2859,3213,1637
8087,1904,2860,3226,1634
8087,1901,2865,3217,1646
7720,1900,2859,3218,1666
8087,1906,2858,3209,1633
8087,1902,2852,3212,1638
8087,1903,2854,3214,1646
7720,1897,2867,3217,1668
8087,1904,2854,3214,1644
8056,1895,2865,3225,1647
8087,1905,2854,3217,1625
8087,1895,2858,3228,1654
7720,1913,2861,3216,1649
8087,1899,2853,3222,1645
8087,1911,2863,3223,1627
8087,1895,2853,3222,1655
7720,1913,2867,3219,1658
8087,1896,2859,3225,1652
8087,1909,2874,3216,1632
8087,1893,2851,3216,1628
7720,1904,2866,3228,1661
8087,1895,2861,3214,1650
8056,1913,2879,3228,1643
8087,1896,2851,3205,1629
8087,1908,2866,3228,1655
7720,1904,2848,3207,1652
8087,1903,2870,3231,1644
8087,1907,2849,3212,1628
8087,1904,2861,3225,1661
7720,1916,2853,3205,1653
8087,1903,2865,3215,1655
8087,1906,2858,3208,1630
8087,1895,2856,3230,1634
8087,1905,2858,3216,1639
7720,1902,2865,3222,1655
8056,1910,2868,3212,1638
8087,1898,2856,3227,1638
8087,1904,2856,3219,1645
7720,1896,2865,3214,1660
8087,1912,2863,3218,1638
8087,1898,2859,3215,1636
8087,1908,2866,3224,1620
7720,1897,2856,3227,1666
8087,1905,2876,3221,1646
8087,1900,2856,3219,1638
8087,1906,2869,3226,1627
8087,1892,2861,3218,1650
7720,1908,2866,3224,1646
8056,1898,2861,3216,1644
8087,1905,2863,3233,1633
8087,1901,2852,3220,1652
7720,1902,2873,3227,1661
8087,1900,2850,3214,1641
8087,1905,2870,3230,1639
8087,1905,2854,3222,1618
8087,1908,2869,3224,1654
7720,1902,2860,3223,1643
8087,1905,2865,3229,1646
8087,1903,2862,3221,1624
8087,1902,2862,3221,1656
7720,1909,2859,3212,1644
8056,1899,2859,3218,1648
8087,1913,2859,3204,1628
8087,1900,2858,3224,1629
7720,1911,2863,3224,1654
8087,1897,2861,3221,1652
8087,1911,2872,3225,1630
8087,1901,2852,3227,1628
8087,1910,2867,3228,1642
7720,1898,2853,3215,1656
8087,1905,2866,3225,1639
8087,1896,2846,3222,1633
8087,1908,2867,3229,1646
7720,1890,2856,3217,1656
8087,1912,2872,3232,1646
8087,1901,2852,3217,1634
8087,1904,2868,3222,1660
7720,1907,2857,3213,1656
8056,1901,2859,3230,1654
8087,1905,2858,3216,1628
8087,1903,2855,3221,1637
8087,1908,2853,3216,1644
7720,1906,2857,3229,1665
8087,1906,2862,3215,1636
8087,1900,2858,3226,1637
8087,1904,2857,3214,1645
7720,1900,2857,3220,1661
8087,1908,2863,3216,1643
8087,1891,2858,3217,1641
8087,1903,2857,3208,1618
7720,1898,2851,3211,1667
8056,1901,2858,3217,1648
8087,1891,2849,3214,1644
8087,1897,2849,3208,1627
8087,1894,2848,3212,1654
7720,1898,2866,3215,1654
8087,1893,2842,3212,1647
8087,1901,2856,3226,1632
8087,1894,2848,3210,1653
7720,1898,2865,3222,1660
8087,1897,2847,3204,1645
8087,1901,2855,3220,1640
8087,1896,2844,3213,1621
7720,1901,2852,3224,1671
8056,1892,2844,3194,1653
8087,1892,2842,3204,1647
8087,1894,2836,3193,1625
8087,1889,2851,3209,1660
7720,1893,2841,3199,1654
8087,1889,2845,3213,1646
8087,1898,2850,3201,1621
8087,1880,2839,3205,1626
7720,1901,2846,3200,1656
8087,1890,2841,3193,1646
8087,1900,2839,3200,1631
8087,1883,2832,3198,1633
8087,1897,2847,3200,1641
7720,1892,2830,3202,1651
8087,1901,2854,3201,1635
8087,1883,2833,3193,1636
8087,1900,2849,3193,1644
7720,1879,2822,3196,1656
8087,1896,2850,3202,1640
8087,1887,2826,3187,1636
8087,1898,2841,3194,1653
7720,1885,2823,3182,1658
8087,1888,2837,3199,1647
8087,1886,2832,3178,1629
8087,1887,2832,3193,1630
7720,1891,2828,3192,1654
8087,1885,2832,3197,1653
8087,1888,2830,3188,1630
8087,1889,2832,3201,1636
8087,1889,2832,3195,1640
7720,1882,2840,3194,1656
8087,1896,2832,3192,1636
8087,1884,2827,3200,1644
8087,1894,2832,3195,1644
7720,1880,2826,3191,1658
8087,1899,2837,3194,1635
8087,1885,2823,3193,1638
8087,1890,2836,3206,1647
7720,1884,2834,3191,1664
8087,1898,2837,3188,1642
8087,1885,2833,3188,1637
8087,1898,2840,3200,1623
7720,1885,2828,3194,1664
8087,1892,2843,3200,1644
8087,1885,2824,3194,1636
8087,1895,2841,3198,1634
8087,1879,2828,3197,1648
7720,1890,2834,3197,1652
8087,1883,2829,3190,1636
8087,1887,2831,3196,1632
8087,1887,2826,3193,1644
7720,1893,2835,3197,1662
8087,1888,2824,3186,1640
8087,1892,2831,3193,1641
8087,1889,2829,3191,1647
7720,1884,2836,3195,1665
8087,1893,2837,3190,1641
8087,1885,2833,3205,1640
8087,1898,2830,3195,1621
7720,1884,2837,3200,1666
8087,1898,2837,3188,1644
8087,1884,2835,3204,1642
8087,1900,2836,3195,1620
8087,1883,2830,3198,1654
7720,1890,2846,3188,1652
8087,1884,2833,3195,1645
8087,1892,2840,3195,1628
8087,1883,2824,3193,1653
7720,1890,2837,3192,1652
8087,1883,2825,3194,1644
8087,1899,2838,3206,1632
8087,1884,2831,3192,1653
7720,1895,2844,3202,1666
8087,1886,2823,3198,1640
8087,1893,2834,3205,1643
8087,1885,2824,3193,1616
8087,1890,2841,3203,1657
7720,1890,2829,3182,1649
8087,1887,2837,3202,1642
8087,1891,2826,3189,1622
8087,1888,2832,3198,1656
7720,1894,2824,3186,1649
8087,1883,2829,3201,1646
8087,1894,2830,3190,1624
8087,1882,2837,3206,1659
7720,1900,2837,3185,1649
8087,1880,2823,3195,1646
8087,1896,2836,3193,1634
8087,1876,2825,3199,1629
7720,1896,2842,3188,1658
8087,1881,2831,3195,1649
8087,1892,2846,3197,1635
8087,1884,2819,3191,1631
8087,1894,2838,3193,1643
7720,1887,2824,3189,1650
8087,1892,2841,3201,1642
8087,1880,2820,3193,1629
8087,1895,2837,3207,1652
7720,1887,2822,3193,1658
8087,1894,2836,3216,1642
8087,1887,2824,3190,1631
8087,1888,2828,3206,1661
7720,1888,2828,3187,1653
8087,1880,2825,3203,1653
8087,1883,2831,3183,1626
8087,1882,2833,3201,1635
7720,1890,2839,3200,1652
8087,1883,2838,3208,1654
8087,1894,2848,3205,1629
8087,1879,2841,3213,1632
8087,1901,2848,3208,1641
7720,1881,2847,3210,1658
8087,1896,2852,3210,1634
8087,1879,2839,3213,1640
8087,1896,2853,3209,1646
7720,1879,2840,3207,1654
8087,1893,2849,3213,1643
8087,1884,2837,3205,1637
8087,1893,2858,3221,1654
7720,1886,2830,3201,1657
8087,1895,2860,3223,1644
8087,1883,2852,3206,1636
8087,1888,2856,3228,1627
7720,1890,2849,3210,1662
8087,1892,2860,3219,1653
8087,1888,2852,3213,1634
8087,1888,2848,3215,1638
8087,1896,2844,3202,1643
7720,1889,2838,3215,1658
8087,1895,2845,3205,1633
8087,1888,2844,3218,1642
8087,1897,2845,3212,1643
7720,1882,2847,3213,1665
8087,1899,2854,3213,1636
8087,1887,2847,3220,1638
8087,1890,2846,3214,1649
7720,1879,2854,3213,1665
8087,1900,2850,3209,1650
8087,1885,2843,3217,1640
8087,1899,2845,3205,1619
7720,1884,2840,3213,1672
8087,1891,2851,3209,1644
8087,1885,2835,3205,1638
8087,1887,2848,3209,1621
8087,1885,2835,3199,1650
7720,1894,2856,3209,1652
8087,1885,2835,3204,1643
8087,1889,2846,3220,1635
8087,1881,2838,3198,1646
7720,1898,2841,3216,1658
8087,1885,2845,3206,1642
8087,1891,2841,3223,1638
8087,1890,2840,3202,1653
7720,1892,2854,3206,1663
8087,1894,2849,3207,1639
8087,1889,2845,3221,1641
8087,1896,2841,3199,1621
8087,1885,2848,3210,1657
7720,1889,2842,3203,1641
8087,1885,2851,3211,1642
8087,1893,2839,3200,1626
8087,1883,2849,3216,1651
7720,1896,2845,3203,1646
8087,1880,2842,3211,1648
8087,1894,2841,3205,1624
8087,1884,2841,3205,1655
7720,1891,2854,3199,1654
8087,1883,2842,3208,1646
8087,1890,2849,3205,1635
8087,1882,2839,3205,1628
7720,1898,2859,3219,1660
8087,1883,2838,3209,1648
8087,1890,2861,3223,1638
8087,1884,2837,3206,1621
8087,1891,2860,3233,1648
7720,1887,2839,3208,1649
8087,1888,2858,3223,1642
8087,1894,2843,3206,1623
8087,1889,2855,3223,1657
7720,1885,2847,3210,1650
8087,1891,2853,3222,1651
8087,1896,2842,3204,1626
8087,1894,2852,3220,1659
7720,1899,2854,3208,1644
8087,1887,2852,3224,1648
8087,1900,2854,3211,1630
8087,1883,2851,3220,1629
7720,1896,2858,3221,1657
8087,1885,2847,3216,1655
8087,1902,2866,3219,1630
8087,1883,2850,3223,1632
8087,1897,2862,3217,1643
7720,1890,2852,3215,1656
8087,1897,2857,3222,1635
8087,1885,2845,3208,1629
8087,1894,2858,3226,1648
7720,1888,2842,3212,1656
8087,1896,2863,3227,1645
8087,1887,2841,3213,1634
8087,1891,2859,3228,1655
7720,1887,2845,3206,1656
8087,1890,2846,3225,1651
8087,1892,2842,3214,1628
8087,1886,2852,3227,1633
7720,1887,2843,3210,1659
8087,1889,2852,3215,1663
8087,1897,2859,3210,1630
8087,1895,2849,3221,1634
8087,1896,2845,3201,1642
7720,1886,2843,3214,1656
8087,1899,2851,3208,1633
8087,1878,2840,3214,1633
8087,1896,2847,3208,1643
7720,1887,2837,3212,1657
8087,1896,2849,3212,1634
8087,1881,2834,3208,1635
8087,1888,2844,3211,1653
7720,1877,2838,3199,1667
8087,1887,2852,3203,1642
8087,1885,2843,3206,1635
8087,1886,2847,3211,1627
7720,1875,2836,3205,1668
8087,1890,2854,3211,1653
8087,1878,2839,3204,1637
8087,1883,2844,3222,1633
8087,1883,2840,3207,1647
7720,1891,2849,3223,1658
8087,1881,2848,3208,1631
8087,1891,2855,3223,1636
8087,1885,2839,3207,1643
7720,1891,2845,3221,1662
8087,1884,2849,3210,1640
8087,1889,2844,3223,1642
8087,1890,2848,3220,1645
7720,1883,2858,3218,1664
8087,1889,2846,3212,1641
8087,1877,2853,3222,1640
8087,1897,2851,3217,1622
7720,1880,2850,3217,1671
8087,1897,2847,3214,1644
8087,1882,2846,3217,1641
8087,1898,2852,3216,1624
8087,1879,2844,3215,1653
7720,1893,2854,3215,1651
8087,1882,2848,3216,1651
8087,1898,2860,3219,1635
8087,1883,2852,3222,1653
7720,1899,2859,3224,1658
8087,1888,2850,3214,1645
8087,1898,2856,3229,1635
8087,1891,2847,3216,1655
7720,1895,2866,3226,1670
8087,1889,2849,3220,1646
8087,1894,2868,3228,1643
8087,1887,2849,3219,1620
8087,1893,2863,3231,1658
7720,1893,2846,3209,1646
8087,1893,2866,3222,1646
8087,1894,2848,3215,1622
8087,1887,2857,3222,1657
7720,1893,2859,3211,1646
8087,1890,2855,3226,1645
8087,1890,2857,3217,1625
8087,1881,2853,3230,1659
7720,1905,2858,3219,1654
8087,1883,2857,3229,1646
8087,1897,2869,3227,1625
8087,1891,2854,3229,1630
7720,1900,2873,3226,1663
8087,1886,2853,3225,1651
8087,1898,2873,3228,1632
8087,1879,2850,3223,1625
8087,1899,2868,3234,1642
7720,1883,2850,3222,1650
8087,1894,2867,3231,1641
8087,1883,2848,3219,1630
8087,1898,2860,3234,1652
7720,1885,2843,3220,1650
8087,1891,2859,3234,1651
8087,1886,2847,3212,1626
8087,1894,2859,3225,1659
7720,1894,2851,3218,1654
8087,1893,2863,3231,1651
8087,1897,2866,3226,1628
8087,1891,2860,3231,1635
7720,1901,2866,3230,1656
8087,1887,2859,3230,1657
8087,1899,2869,3225,1632
8087,1892,2857,3229,1633
8087,1899,2865,3230,1640
7720,1889,2854,3229,1661
8087,1900,2877,3231,1632
8087,1882,2853,3226,1632
8087,1898,2863,3235,1646
7720,1887,2848,3232,1660
8087,1900,2871,3239,1640
8087,1889,2849,3231,1632
8087,1897,2869,3241,1657
7720,1891,2856,3227,1663
8087,1897,2874,3238,1646
8087,1885,2860,3226,1633
8087,1898,2867,3243,1628
7720,1891,2862,3236,1652
8087,1895,2868,3243,1653
8087,1894,2864,3227,1630
8087,1898,2870,3240,1635
8087,1894,2864,3235,1642
7720,1893,2872,3242,1661
8087,1899,2874,3234,1636
8087,1891,2868,3247,1637
8087,1901,2872,3226,1648
7720,1891,2869,3240,1659
8087,1901,2874,3236,1640
8087,1885,2865,3244,1642
8087,1901,2874,3236,1648
7720,1896,2867,3237,1662
8087,1901,2884,3239,1636
8087,1891,2877,3242,1641
8087,1898,2878,3241,1618
7720,1890,2867,3247,1671
8087,1901,2881,3242,1649
8087,1890,2866,3236,1641
8087,1901,2878,3255,1630
8087,1891,2868,3241,1651
7720,1899,2878,3244,1654
8087,1891,2864,3241,1640
8087,1896,2874,3245,1637
8087,1887,2874,3242,1649
7720,1895,2886,3250,1663
8087,1902,2871,3236,1637
8087,1898,2877,3254,1639
8087,1897,2872,3235,1647
7720,1894,2881,3243,1672
8087,1900,2874,3234,1642
8087,1888,2875,3242,1647
8087,1897,2867,3235,1621
8087,1887,2867,3244,1655
7720,1905,2873,3231,1644
8087,1882,2860,3242,1646
8087,1899,2866,3233,1624
8087,1882,2867,3249,1653
7720,1904,2874,3235,1648
8087,1881,2867,3242,1646
8087,1896,2874,3227,1623
8087,1881,2865,3239,1655
7720,1898,2881,3233,1656
8087,1883,2864,3237,1646
8087,1898,2864,3241,1634
8087,1880,2861,3231,1624
7720,1894,2878,3237,1661
8087,1883,2865,3235,1645
8087,1895,2875,3250,1641
8087,1891,2859,3241,1625
8087,1887,2877,3247,1651
7720,1887,2865,3227,1646
8087,1887,2874,3243,1645
8087,1885,2860,3234,1625
8087,1880,2868,3237,1657
7720,1889,2852,3220,1646
8087,1886,2860,3230,1650
8087,1890,2852,3222,1628
8087,1880,2857,3231,1659
7720,1898,2859,3220,1653
8087,1879,2860,3233,1654
8087,1895,2866,3227,1630
8087,1878,2861,3239,1632
7720,1896,2864,3237,1657
8087,1883,2857,3230,1654
8087,1892,2868,3229,1630
8087,1878,2846,3234,1631
8087,1888,2863,3232,1646
7720,1884,2852,3221,1654
8087,1884,2863,3224,1637
8087,1872,2843,3221,1628
8087,1887,2866,3233,1650
7720,1879,2847,3221,1655
8087,1888,2862,3229,1647
8087,1874,2845,3220,1632
8087,1877,2857,3237,1658
7720,1888,2854,3219,1652
8087,1882,2859,3228,1655
8087,1886,2852,3220,1630
8087,1879,2848,3223,1630
7720,1891,2851,3220,1660
8087,1878,2856,3220,1655
8087,1886,2857,3216,1633
8087,1876,2849,3229,1638
8087,1896,2853,3218,1640
7720,1882,2859,3219,1659
8087,1888,2853,3217,1634
8087,1871,2845,3223,1630
8087,1890,2853,3220,1645
7720,1884,2845,3218,1658
8087,1889,2855,3219,1636
8087,1875,2835,3215,1633
8087,1879,2850,3219,1653
7720,1884,2846,3210,1661
8087,1885,2856,3221,1639
8087,1877,2839,3220,1635
8087,1887,2850,3229,1624
7720,1872,2845,3219,1667
8087,1883,2854,3226,1653
8087,1879,2840,3215,1635
8087,1878,2850,3233,1634
8087,1882,2839,3214,1645
7720,1879,2852,3224,1654
8087,1879,2846,3211,1636
8087,1879,2842,3227,1634
8087,1880,2848,3218,1641
7720,1880,2854,3219,1660
8087,1884,2848,3215,1639
8087,1879,2845,3219,1642
8087,1887,2848,3221,1651
7720,1877,2848,3218,1669
8087,1883,2848,3215,1643
8087,1873,2852,3217,1640
8087,1883,2841,3215,1616
7720,1877,2844,3222,1670
8087,1888,2854,3212,1643
8087,1875,2847,3215,1644
8087,1879,2846,3223,1628
8087,1873,2836,3213,1650
7720,1886,2852,3225,1654
8087,1874,2841,3209,1641
8087,1881,2846,3226,1631
8087,1877,2838,3220,1650
7720,1879,2839,3221,1661
8087,1877,2842,3216,1644
8087,1878,2840,3223,1640
8087,1879,2833,3207,1650
7720,1876,2847,3221,1667
8087,1878,2837,3210,1644
8087,1878,2849,3225,1649
8087,1879,2841,3207,1622
8087,1879,2849,3227,1655
7720,1885,2839,3214,1642
8087,1874,2853,3223,1649
8087,1887,2841,3214,1625
8087,1876,2844,3219,1654
7720,1887,2840,3206,1646
8087,1870,2845,3218,1647
8087,1887,2840,3214,1622
8087,1872,2841,3217,1656
7720,1887,2845,3213,1653
8087,1877,2841,3214,1648
8087,1885,2855,3217,1632
8087,1873,2834,3212,1626
7720,1888,2858,3217,1662
8087,1872,2840,3219,1644
8087,1885,2856,3227,1635
8087,1869,2836,3214,1627
8087,1882,2853,3226,1650
7720,1878,2838,3205,1646
8087,1881,2851,3223,1643
8087,1872,2837,3216,1625
8087,1880,2848,3237,1655
7720,1878,2842,3215,1651
8087,1878,2855,3228,1647
8087,1882,2850,3221,1628
8087,1879,2860,3234,1661
7720,1879,2852,3221,1650
8087,1876,2869,3238,1653
8087,1885,2859,3234,1630
8087,1878,2860,3238,1631
7720,1887,2868,3233,1660
8087,1868,2866,3242,1658
8087,1887,2874,3238,1630
8087,1873,2856,3243,1626
8087,1887,2872,3231,1637
7720,1877,2862,3238,1653
8087,1891,2883,3237,1635
8087,1879,2856,3246,1635
8087,1893,2877,3246,1651
7720,1884,2865,3238,1657
8087,1885,2880,3248,1638
8087,1884,2853,3233,1638
8087,1884,2876,3255,1655
7720,1875,2866,3232,1659
8087,1883,2876,3252,1648
8087,1882,2874,3237,1638
8087,1885,2879,3251,1632
7720,1883,2873,3247,1661
8087,1884,2888,3254,1658
8087,1888,2867,3248,1635
8087,1886,2875,3246,1640
8087,1886,2873,3250,1643
7720,1889,2880,3247,1660
8087,1893,2881,3243,1633
8087,1887,2870,3258,1635
8087,1890,2877,3247,1647
7720,1883,2880,3251,1662
8087,1892,2878,3250,1641
8087,1876,2871,3254,1635
8087,1894,2884,3254,1648
7720,1877,2876,3254,1663
8087,1891,2888,3251,1644
8087,1883,2874,3255,1636
8087,1892,2883,3254,1620
7720,1885,2878,3250,1664
8087,1894,2888,3254,1651
8087,1883,2881,3252,1634
8087,1887,2887,3254,1629
8087,1887,2880,3258,1647
7720,1901,2888,3253,1656
8087,1885,2884,3250,1636
8087,1881,2882,3263,1638
8087,1889,2881,3253,1647
7720,1891,2880,3263,1666
8087,1889,2873,3252,1642
8087,1887,2878,3258,1639
8087,1889,2880,3251,1651
7720,1887,2889,3253,1669
8087,1892,2882,3251,1640
8087,1888,2890,3261,1638
8087,1896,2881,3251,1621
8087,1881,2884,3259,1651
7720,1890,2886,3255,1649
8087,1886,2888,3262,1646
8087,1898,2887,3258,1620
8087,1883,2881,3258,1654
7720,1902,2889,3257,1654
8087,1885,2875,3257,1645
8087,1893,2891,3254,1632
8087,1882,2877,3254,1656
7720,1890,2888,3256,1664
8087,1881,2881,3253,1644
8087,1899,2886,3261,1640
8087,1883,2881,3259,1628
7720,1899,2893,3258,1667
8087,1887,2888,3252,1644
8087,1893,2890,3262,1644
8087,1893,2885,3257,1624
8087,1901,2891,3261,1653
7720,1892,2887,3260,1644
8087,1892,2900,3265,1647
8087,1894,2881,3254,1623
8087,1892,2890,3260,1662
7720,1897,2881,3254,1647
8087,1888,2888,3258,1644
8087,1894,2892,3254,1626
8087,1887,2892,3263,1657
7720,1906,2894,3258,1656
8087,1886,2890,3271,1651
8087,1904,2904,3266,1632
8087,1889,2890,3261,1635
7720,1898,2901,3276,1658
8087,1888,2896,3260,1651
8087,1902,2903,3271,1639
8087,1887,2885,3260,1630
8087,1904,2908,3267,1647
7720,1891,2889,3267,1655
8087,1903,2908,3272,1640
8087,1885,2880,3261,1635
8087,1905,2900,3267,1655
7720,1889,2888,3266,1657
8087,1898,2895,3268,1653
8087,1894,2882,3263,1625
8087,1890,2895,3265,1665
7720,1897,2886,3262,1652
8087,1895,2901,3269,1653
8087,1898,2903,3269,1628
8087,1895,2903,3268,1635
7720,1901,2906,3276,1660
8087,1893,2899,3268,1656
8087,1898,2903,3267,1633
8087,1886,2895,3266,1635
8087,1896,2894,3263,1645
7720,1883,2890,3260,1657
8087,1896,2891,3265,1638
8087,1887,2882,3265,1638
8087,1900,2905,3265,1646
7720,1879,2897,3265,1659
8087,1899,2911,3269,1647
8087,1886,2888,3269,1636
8087,1892,2910,3272,1660
7720,1887,2899,3263,1664
8087,1895,2907,3274,1646
8087,1884,2904,3263,1634
8087,1898,2905,3263,1631
7720,1886,2899,3261,1665
8087,1894,2914,3267,1654
8087,1894,2902,3267,1637
8087,1893,2901,3274,1632
8087,1893,2899,3271,1643
7720,1888,2910,3275,1663
8087,1891,2905,3273,1641
8087,1887,2904,3270,1638
8087,1890,2900,3266,1648
7720,1887,2899,3265,1662
8087,1894,2903,3258,1636
8087,1884,2896,3266,1639
8087,1897,2895,3267,1652
7720,1881,2903,3268,1667
8087,1897,2901,3267,1644
8087,1886,2905,3272,1641
8087,1894,2913,3276,1624
7720,1887,2902,3276,1666
8056,1897,2913,3275,1655
8087,1886,2903,3268,1641
8087,1898,2907,3271,1634
8087,1881,2897,3274,1656
7720,1898,2910,3267,1663
8087,1885,2896,3268,1645
8087,1897,2914,3271,1638
8087,1890,2896,3270,1628
7720,1892,2908,3272,1668
8087,1890,2903,3266,1650
8087,1894,2911,3276,1641
8087,1887,2893,3266,1626
8087,1898,2911,3277,1659
7690,1890,2903,3278,1654
8087,1892,2910,3275,1658
8087,1895,2900,3276,1631
8087,1890,2908,3273,1667
7720,1896,2916,3274,1660
8087,1892,2913,3273,1658
8087,1906,2913,3273,1634
8087,1889,2908,3278,1634
8087,1908,2916,3273,1643
7690,1893,2903,3272,1663
8087,1900,2910,3274,1638
8087,1888,2900,3261,1640
8087,1901,2911,3278,1653
7720,1887,2895,3266,1663
8087,1897,2908,3275,1646
8087,1888,2895,3269,1637
8087,1892,2906,3276,1628
7720,1888,2895,3266,1661
8087,1893,2904,3271,1651
8087,1894,2895,3276,1636
8087,1895,2904,3273,1630
8087,1892,2901,3265,1650
7690,1892,2899,3274,1661
8087,1889,2894,3269,1646
8087,1896,2898,3280,1646
8087,1889,2893,3268,1653
7720,1893,2912,3269,1673
8087,1890,2903,3271,1647
8087,1888,2910,3269,1648
8087,1891,2901,3270,1619
8087,1885,2906,3273,1657
7720,1898,2900,3273,1645
8087,1888,2899,3266,1644
8087,1898,2894,3266,1624
8087,1883,2895,3259,1654
7720,1896,2906,3270,1649
8087,1883,2896,3269,1645
8087,1894,2902,3266,1624
8087,1885,2894,3266,1656
7690,1892,2909,3268,1669
8087,1883,2884,3265,1652
8087,1892,2895,3274,1640
8087,1879,2887,3259,1631
8087,1892,2904,3271,1654
7720,1887,2886,3262,1653
8087,1895,2910,3272,1644
8087,1885,2890,3273,1633
8087,1890,2907,3278,1659
7720,1889,2888,3259,1657
8087,1889,2901,3264,1657
8087,1888,2888,3258,1627
8087,1891,2896,3270,1665
8056,1885,2898,3272,1642
7720,1887,2892,3267,1664
8087,1892,2895,3267,1630
8087,1883,2892,3280,1640
8087,1901,2896,3271,1647
7720,1887,2893,3268,1660
8087,1895,2903,3270,1635
8087,1880,2892,3279,1638
8087,1902,2903,3266,1647
7720,1879,2889,3270,1666
8087,1897,2917,3269,1642
8087,1884,2896,3259,1638
8087,1897,2902,3268,1627
8056,1876,2893,3268,1654
7720,1894,2902,3273,1657
8087,1884,2890,3266,1641
8087,1882,2893,3271,1634
8087,1881,2890,3276,1651
7720,1894,2903,3275,1660
8087,1883,2891,3266,1641
8087,1888,2891,3274,1643
8087,1890,2886,3266,1651
7720,1891,2903,3269,1670
8087,1888,2886,3265,1641
8087,1885,2908,3274,1647
8087,1887,2895,3273,1618
8056,1883,2899,3275,1661
7720,1889,2892,3267,1650
8087,1883,2899,3269,1644
8087,1887,2891,3267,1628
8087,1882,2895,3276,1661
7720,1894,2899,3264,1655
8087,1880,2896,3271,1647
8087,1890,2910,3273,1628
8087,1878,2898,3280,1632
7720,1898,2907,3276,1663
8087,1877,2895,3269,1654
8087,1896,2910,3268,1635
8087,1879,2890,3276,1631
8056,1898,2902,3276,1654
7720,1887,2889,3266,1661
8087,1887,2907,3272,1644
8087,1880,2879,3266,1633
8087,1885,2898,3272,1658
7720,1875,2889,3261,1662
8087,1880,2900,3272,1653
8087,1879,2895,3270,1634
8087,1881,2907,3272,1635
8087,1888,2897,3266,1641
7720,1887,2907,3275,1661
8087,1887,2903,3269,1634
8087,1882,2893,3273,1639
8056,1890,2892,3260,1646
7720,1884,2897,3269,1667
8087,1890,2902,3268,1641
8087,1878,2902,3269,1637
8087,1890,2895,3266,1622
7720,1879,2894,3271,1666
8087,1890,2899,3273,1645
8087,1876,2899,3267,1642
8087,1887,2905,3265,1623
8087,1882,2893,3268,1652
7720,1891,2908,3271,1649
8087,1878,2889,3267,1646
8087,1889,2903,3273,1626
8056,1881,2890,3266,1659
7720,1894,2907,3272,1657
8087,1879,2893,3267,1652
8087,1885,2914,3278,1641
8087,1879,2891,3261,1630
8087,1887,2907,3276,1652
7720,1893,2887,3260,1650
8087,1891,2907,3271,1650
8087,1889,2884,3269,1624
8087,1883,2899,3273,1656
7720,1889,2889,3271,1646
8087,1887,2903,3271,1655
8087,1887,2898,3265,1623
8056,1887,2898,3269,1636
7720,1890,2902,3271,1663
8087,1881,2900,3267,1659
8087,1890,2903,3270,1634
8087,1878,2892,3272,1636
8087,1899,2906,3280,1650
7720,1887,2893,3274,1660
8087,1892,2907,3264,1643
8087,1878,2888,3277,1635
8087,1889,2907,3274,1652
7720,1877,2887,3268,1655
8087,1886,2910,3268,1637
8087,1879,2889,3273,1633
8056,1892,2901,3274,1627
8087,1879,2894,3273,1646
7720,1894,2908,3276,1657
8087,1880,2896,3270,1638
8087,1885,2897,3276,1636
8087,1883,2891,3269,1646
7720,1891,2896,3272,1667
8087,1886,2895,3269,1638
8087,1881,2895,3275,1644
8087,1883,2891,3272,1651
7720,1887,2895,3274,1668
8087,1891,2898,3266,1640
8087,1885,2903,3273,1647
8056,1894,2890,3261,1627
8087,1881,2892,3272,1656
7720,1894,2896,3270,1648
8087,1878,2895,3273,1646
8087,1893,2898,3273,1627
8087,1877,2887,3268,1652
7720,1890,2896,3267,1653
8087,1879,2895,3270,1652
8087,1891,2897,3278,1630
8087,1878,2881,3275,1659
7720,1887,2907,3270,1661
8087,1877,2893,3269,1649
8087,1888,2896,3263,1641
8056,1884,2878,3261,1630
8087,1883,2898,3267,1655
7720,1882,2874,3256,1659
8087,1882,2899,3268,1644
8087,1877,2880,3263,1632
8087,1879,2891,3274,1660
7720,1887,2882,3264,1657
8087,1883,2895,3267,1658
8087,1883,2896,3258,1627
8087,1887,2896,3273,1635
7720,1893,2889,3266,1655
8087,1881,2889,3275,1659
8087,1889,2899,3269,1634
8056,1881,2890,3261,1636
8087,1898,2892,3261,1649
7720,1875,2889,3269,1661
8087,1890,2895,3269,1639
8087,1876,2884,3261,1639
8087,1892,2898,3260,1650
7720,1879,2885,3263,1665
8087,1885,2895,3263,1644
8087,1874,2890,3268,1638
8087,1879,2888,3273,1625
7720,1877,2889,3269,1668
8087,1885,2901,3265,1648
8087,1874,2894,3272,1640
8087,1889,2900,3265,1626
8087,1884,2888,3264,1652
7720,1880,2898,3274,1655
8087,1880,2908,3275,1638
8056,1881,2911,3274,1643
8087,1880,2898,3270,1622
7720,1878,2906,3274,1675
8087,1884,2899,3268,1643
8087,1883,2904,3274,1650
8087,1883,2894,3267,1623
8087,1879,2901,3268,1656
7720,1887,2894,3268,1647
8087,1878,2900,3272,1644
8087,1887,2895,3266,1625
8087,1873,2896,3267,1653
7720,1891,2896,3263,1647
8087,1878,2896,3273,1652
8056,1889,2908,3273,1628
8087,1872,2887,3268,1631
8087,1883,2908,3283,1644
7720,1877,2897,3265,1653
8087,1887,2910,3274,1638
8087,1874,2889,3268,1631
8087,1885,2903,3273,1648
7720,1876,2888,3268,1654
8087,1889,2913,3278,1643
8087,1876,2885,3266,1634
8087,1881,2903,3277,1657
7720,1880,2888,3265,1660
8087,1880,2909,3272,1656
8056,1882,2903,3269,1639
8087,1882,2898,3276,1637
8087,1879,2894,3266,1645
7720,1876,2898,3272,1665
8087,1879,2888,3268,1635
8087,1879,2898,3268,1638
8087,1889,2894,3268,1647
7720,1885,2897,3270,1665
8087,1885,2902,3268,1640
8087,1878,2884,3270,1636
8087,1894,2895,3263,1651
7720,1876,2899,3267,1673
8087,1890,2910,3273,1646
8056,1879,2899,3272,1648
8087,1885,2904,3272,1630
8087,1875,2888,3273,1655
7720,1887,2914,3268,1653
8087,1875,2895,3265,1645
8087,1882,2890,3272,1631
8087,1872,2886,3269,1655
7720,1880,2892,3274,1661
8087,1876,2893,3267,1653
8087,1888,2903,3264,1638
8087,1874,2886,3269,1628
7720,1885,2900,3271,1675
8087,1882,2888,3265,1645
8056,1883,2901,3272,1656
8087,1882,2885,3265,1632
8087,1880,2900,3272,1662
7720,1886,2896,3271,1651
8087,1879,2906,3274,1656
8087,1884,2892,3261,1627
8087,1876,2896,3273,1662
7720,1894,2902,3262,1656
8087,1878,2891,3272,1653
8087,1894,2900,3266,1634
8087,1875,2891,3273,1632
7720,1887,2899,3284,1661
8087,1870,2888,3272,1654
8056,1889,2901,3276,1640
8087,1868,2884,3278,1636
8087,1887,2900,3273,1651
7720,1877,2881,3265,1658
8087,1884,2897,3272,1649
8087,1875,2882,3263,1638
8087,1887,2892,3276,1629
7720,1877,2886,3255,1663
8087,1881,2898,3272,1652
8087,1872,2883,3263,1638
8087,1879,2884,3269,1632
8087,1872,2882,3268,1645
7720,1884,2881,3269,1658
8056,1881,2874,3257,1642
8087,1876,2880,3262,1639
8087,1875,2874,3257,1652
7720,1877,2882,3261,1672
8087,1876,2872,3256,1645
8087,1871,2889,3263,1642
8087,1878,2870,3263,1618
7720,1868,2879,3261,1672
8087,1879,2877,3257,1645
8087,1867,2875,3259,1645
8087,1874,2877,3258,1622
8087,1863,2865,3253,1653
7720,1876,2871,3249,1644
8056,1866,2868,3255,1650
8087,1875,2881,3246,1638
8087,1861,2864,3248,1630
7720,1872,2876,3258,1662
8087,1863,2855,3242,1649
8087,1873,2872,3254,1634
8087,1863,2852,3253,1627
8087,1877,2869,3249,1649
7720,1872,2861,3242,1644
8087,1874,2875,3254,1643
8087,1873,2852,3240,1627
8087,1870,2866,3261,1657
7720,1874,2858,3245,1655
8056,1867,2872,3247,1655
8087,1865,2859,3238,1630
8087,1868,2860,3240,1635
8087,1869,2857,3238,1640
7720,1864,2855,3240,1655
8087,1876,2859,3240,1631
8087,1853,2862,3255,1636
8087,1872,2865,3244,1647
7720,1866,2864,3247,1657
8087,1874,2875,3253,1637
8087,1858,2863,3251,1637
8087,1875,2871,3251,1652
7720,1865,2858,3245,1661
8056,1870,2874,3250,1645
8087,1858,2866,3251,1640
8087,1865,2863,3240,1627
8087,1862,2856,3248,1650
7720,1872,2871,3252,1652
8087,1864,2858,3244,1643
8087,1866,2860,3254,1636
8087,1862,2856,3252,1650
7720,1871,2872,3255,1662
8087,1865,2866,3249,1642
8087,1871,2870,3255,1637
8087,1868,2857,3244,1649
7720,1866,2868,3248,1670
8056,1865,2865,3243,1639
8087,1865,2874,3254,1644
8087,1865,2861,3252,1621
8087,1864,2872,3254,1656
7720,1869,2868,3248,1644
8087,1863,2867,3258,1642
8087,1876,2870,3252,1627
8087,1865,2869,3260,1654
7720,1872,2872,3249,1655
8087,1857,2868,3251,1648
8087,1876,2863,3255,1632
8087,1858,2857,3246,1631
7720,1872,2880,3249,1662
8056,1862,2855,3253,1653
8087,1871,2875,3255,1643
8087,1856,2860,3243,1634
8087,1866,2874,3262,1651
7720,1865,2862,3249,1653
8087,1872,2879,3259,1648
8087,1862,2859,3262,1631
8087,1869,2880,3263,1657
7720,1870,2871,3251,1659
8087,1869,2879,3260,1648
8087,1865,2866,3258,1631
8087,1865,2867,3259,1636
7720,1866,2867,3244,1659
8087,1867,2875,3253,1654
8087,1873,2875,3257,1634
8087,1863,2866,3257,1635
8087,1877,2877,3263,1643
7720,1863,2871,3259,1655
8087,1877,2876,3255,1639
8087,1861,2868,3266,1636
8087,1878,2882,3254,1649
7720,1865,2875,3259,1663
8087,1878,2881,3259,1642
8087,1865,2867,3257,1641
8087,1873,2886,3267,1652
7720,1867,2875,3261,1663
8087,1880,2886,3259,1646
8087,1862,2881,3264,1633
8087,1871,2888,3263,1629
7720,1855,2879,3269,1669
8087,1872,2881,3270,1651
8087,1863,2882,3260,1639
8087,1868,2892,3276,1630
8087,1868,2887,3265,1646
7720,1866,2888,3270,1662
8087,1875,2889,3270,1638
8087,1880,2887,3279,1639
8087,1881,2892,3273,1646
7720,1869,2888,3269,1667
8087,1877,2896,3266,1641
8087,1867,2884,3270,1644
8087,1874,2892,3270,1651
7720,1870,2897,3271,1666
8087,1880,2898,3273,1644
8087,1870,2892,3277,1646
8087,1877,2895,3267,1623
8087,1870,2895,3270,1654
7720,1884,2904,3271,1646
8087,1868,2898,3269,1647
8087,1876,2900,3277,1624
8087,1864,2891,3271,1654
7720,1880,2902,3272,1656
8087,1871,2894,3275,1642
8087,1879,2903,3275,1633
8087,1875,2894,3273,1655
7720,1884,2901,3269,1664
8087,1871,2893,3267,1646
8087,1874,2903,3273,1636
8087,1876,2891,3273,1624
7720,1876,2907,3277,1672
8087,1871,2895,3272,1643
8087,1875,2901,3280,1650
8087,1878,2895,3276,1620
8087,1876,2903,3268,1656
7720,1880,2895,3270,1648
8087,1873,2895,3274,1649
8087,1884,2894,3274,1624
8087,1868,2897,3270,1659
7720,1884,2892,3266,1651
8087,1870,2897,3273,1648
8087,1879,2897,3277,1626
8087,1870,2890,3278,1659
7720,1881,2889,3269,1656
8087,1864,2887,3269,1650
8087,1881,2896,3273,1632
8087,1865,2881,3265,1628
7720,1874,2901,3274,1662
8087,1864,2880,3273,1654
8087,1876,2910,3274,1638
8087,1858,2883,3265,1630
8087,1877,2898,3282,1647
7720,1867,2885,3266,1651
8087,1877,2897,3275,1647
8087,1862,2883,3260,1631
8087,1872,2896,3273,1655
7720,1872,2888,3269,1650
8087,1872,2901,3274,1652
8087,1872,2890,3268,1633
8087,1867,2900,3273,1664
7720,1877,2893,3272,1657
8087,1870,2895,3274,1654
8087,1877,2910,3269,1632
8087,1862,2901,3268,1637
7720,1879,2904,3276,1661
8087,1863,2904,3278,1657
8087,1881,2910,3273,1638
8087,1861,2901,3280,1632
8087,1882,2905,3270,1640
7720,1874,2895,3269,1658
8087,1878,2910,3274,1633
8087,1866,2888,3267,1639
8087,1877,2905,3269,1652
7720,1865,2881,3272,1659
8087,1880,2915,3271,1641
8087,1868,2891,3266,1635
8087,1872,2911,3268,1663
7720,1877,2902,3274,1665
8087,1879,2910,3273,1652
8087,1876,2910,3273,1632
8087,1882,2908,3276,1632
7720,1872,2902,3276,1665
8087,1874,2910,3276,1662
8087,1876,2902,3274,1634
8087,1873,2906,3276,1640
8087,1879,2910,3266,1643
7720,1872,2903,3273,1662
8087,1875,2907,3269,1634
8087,1870,2898,3276,1644
8087,1879,2902,3273,1653
7720,1868,2902,3277,1669
8087,1882,2907,3276,1640
8087,1871,2901,3277,1636
8087,1879,2910,3273,1654
7720,1873,2906,3272,1668
8087,1881,2917,3276,1646
8087,1874,2908,3272,1639
8087,1884,2916,3273,1628
8087,1872,2896,3273,1650
7720,1874,2907,3273,1653
8087,1868,2903,3274,1638
8087,1879,2903,3271,1632
8087,1867,2896,3270,1652
7720,1873,2900,3271,1657
8087,1873,2895,3274,1638
8087,1873,2903,3267,1633
8087,1876,2902,3266,1649
7720,1874,2907,3277,1666
8087,1878,2901,3272,1641
8087,1873,2896,3276,1646
8087,1869,2893,3277,1624
7720,1881,2906,3274,1670
8087,1878,2900,3275,1638
8087,1870,2904,3268,1639
8087,1879,2894,3266,1618
8087,1871,2902,3272,1652
7720,1877,2899,3276,1650
8087,1868,2910,3272,1644
8087,1883,2905,3277,1627
8087,1872,2901,3272,1656
7720,1884,2914,3274,1653
8087,1873,2902,3277,1647
8087,1878,2905,3268,1633
8087,1872,2900,3271,1660
7720,1884,2914,3275,1659
8087,1870,2901,3273,1655
8087,1882,2921,3271,1639
8087,1875,2898,3272,1627
7720,1877,2912,3280,1669
8087,1874,2904,3275,1647
8087,1884,2913,3274,1643
8087,1873,2894,3276,1625
8087,1879,2916,3273,1656
7720,1874,2899,3274,1650
8087,1875,2910,3271,1648
8087,1877,2899,3277,1625
8087,1882,2908,3273,1657
7720,1879,2902,3274,1650
8087,1875,2910,3267,1651
8087,1883,2901,3272,1628
8087,1869,2908,3265,1665
7720,1881,2903,3271,1653
8087,1873,2907,3274,1652
8087,1888,2924,3276,1631
8087,1870,2907,3273,1630
7720,1888,2921,3266,1665
8087,1872,2904,3277,1659
8087,1882,2914,3275,1637
8087,1873,2896,3261,1629
8087,1877,2910,3272,1655
7720,1874,2894,3273,1654
8087,1882,2908,3272,1643
8087,1872,2892,3278,1635
8087,1877,2910,3274,1655
7720,1877,2900,3275,1657
8087,1874,2915,3274,1645
8087,1878,2891,3268,1632
8087,1877,2903,3277,1663
7720,1873,2892,3265,1654
8087,1873,2907,3271,1654
8087,1878,2899,3276,1632
8087,1870,2900,3280,1634
7720,1879,2898,3276,1659
8087,1868,2901,3278,1653
8087,1873,2899,3271,1635
8087,1865,2892,3268,1638
8087,1873,2897,3273,1644
7720,1865,2891,3273,1662
8087,1877,2907,3270,1632
8087,1860,2889,3272,1635
8087,1875,2902,3283,1646
7720,1867,2883,3268,1666
8087,1874,2903,3276,1644
8087,1867,2889,3276,1639
8087,1877,2910,3278,1657
7720,1874,2904,3273,1664
8087,1877,2912,3279,1653
8087,1873,2894,3278,1642
8087,1872,2907,3276,1631
7720,1870,2899,3272,1669
8087,1877,2904,3276,1656
8087,1867,2903,3276,1636
8087,1873,2908,3280,1633
8087,1871,2901,3280,1647
7720,1876,2910,3272,1667
8087,1872,2897,3278,1636
8087,1872,2902,3273,1640
8087,1873,2902,3278,1647
7720,1873,2897,3272,1669
8087,1882,2899,3273,1640
8087,1869,2890,3272,1646
8087,1877,2898,3271,1654
7720,1865,2906,3276,1668
8087,1881,2906,3270,1644
8087,1870,2905,3277,1639
8087,1876,2908,3283,1626
8087,1872,2905,3280,1655
7720,1886,2910,3277,1648
8087,1872,2910,3273,1643
8087,1873,2907,3273,1624
8087,1865,2897,3273,1650
7720,1878,2908,3274,1656
8087,1870,2894,3268,1647
8087,1877,2905,3279,1639
8087,1870,2900,3270,1657
7720,1876,2912,3273,1665
8087,1874,2892,3270,1644
8087,1876,2922,3273,1644
8087,1873,2899,3276,1620
7720,1882,2911,3274,1673
8087,1876,2903,3278,1644
8087,1877,2910,3274,1647
8087,1878,2899,3273,1625
8087,1870,2905,3280,1657
7720,1879,2901,3276,1652
8087,1876,2907,3276,1649
8087,1876,2894,3270,1626
8087,1865,2902,3268,1657
7720,1885,2895,3273,1651
8087,1863,2898,3277,1650
8087,1879,2905,3283,1625
8087,1868,2897,3277,1660
7720,1879,2903,3273,1659
8087,1870,2890,3276,1654
8087,1877,2916,3273,1634
8087,1870,2893,3272,1629
7720,1876,2913,3272,1670
8087,1870,2892,3277,1652
8087,1879,2903,3275,1638
8087,1872,2890,3275,1630
8087,1882,2904,3273,1653
7720,1874,2894,3274,1648
8087,1884,2910,3274,1646
8087,1871,2892,3275,1621
8087,1875,2906,3275,1659
7720,1869,2891,3271,1649
8087,1874,2904,3274,1652
8087,1877,2890,3273,1626
8087,1869,2896,3273,1664
7720,1883,2889,3274,1654
8087,1869,2900,3270,1658
8087,1881,2902,3269,1627
8087,1866,2893,3278,1633
7720,1880,2898,3283,1663
8087,1866,2900,3274,1655
8087,1879,2909,3269,1631
8087,1865,2881,3269,1630
8087,1880,2904,3268,1645
7720,1866,2889,3261,1655
8087,1878,2906,3274,1639
8087,1861,2884,3279,1634
8087,1879,2901,3274,1651
7720,1877,2881,3277,1661
8087,1877,2895,3270,1643
8087,1867,2880,3269,1635
8087,1877,2895,3277,1659
7720,1868,2886,3267,1665
8087,1874,2889,3268,1652
8087,1872,2889,3268,1633
8087,1872,2893,3279,1634
7720,1865,2879,3265,1665
8087,1871,2892,3270,1660
8087,1870,2892,3273,1636
8087,1866,2879,3269,1637
8087,1874,2886,3276,1646
7720,1867,2886,3271,1669
8087,1877,2881,3269,1636
8087,1853,2878,3273,1639
8087,1877,2885,3271,1644
7720,1858,2873,3263,1662
8087,1875,2891,3267,1638
8087,1862,2872,3270,1638
8087,1882,2885,3266,1655
7720,1860,2877,3261,1664
8087,1874,2887,3267,1644
8087,1862,2870,3272,1638
8087,1865,2887,3269,1627
8087,1867,2870,3268,1648
7720,1875,2880,3267,1652
8087,1864,2879,3268,1639
8087,1869,2880,3269,1633
8087,1862,2876,3263,1650
7720,1869,2881,3274,1661
8087,1864,2875,3258,1637
8087,1865,2877,3268,1635
8087,1859,2864,3263,1651
7720,1862,2866,3263,1664
8087,1866,2868,3255,1639
8087,1861,2862,3259,1642
8087,1868,2867,3258,1619
7720,1859,2870,3262,1668
8087,1875,2875,3258,1636
8087,1857,2882,3269,1645
8087,1874,2876,3258,1622
8087,1855,2876,3276,1650
7720,1873,2874,3262,1648
8087,1854,2876,3265,1648
8087,1871,2880,3266,1623
8087,1860,2874,3268,1652
7720,1870,2882,3267,1655
8087,1860,2873,3265,1645
8087,1868,2878,3261,1638
8087,1859,2874,3266,1658
7720,1872,2878,3268,1658
8087,1860,2866,3262,1643
8087,1868,2890,3269,1638
8087,1857,2867,3258,1627
7720,1865,2879,3265,1669
8087,1861,2870,3255,1644
8087,1865,2881,3268,1645
8087,1864,2863,3262,1619
8087,1868,2879,3263,1653
7720,1864,2879,3259,1646
8087,1864,2881,3270,1647
8087,1865,2876,3267,1626
8087,1863,2879,3274,1662
7720,1879,2881,3257,1651
8087,1861,2882,3269,1652
8087,1873,2882,3274,1624
8087,1855,2880,3273,1658
7720,1878,2880,3272,1656
8087,1857,2874,3269,1650
8087,1876,2885,3261,1628
8087,1856,2872,3267,1628
7720,1875,2885,3261,1664
8087,1855,2867,3266,1651
8087,1872,2892,3269,1638
8087,1858,2867,3270,1629
8087,1867,2891,3280,1654
7720,1858,2873,3264,1652
8087,1871,2885,3268,1645
8087,1853,2862,3261,1630
8087,1863,2877,3266,1657
7720,1862,2872,3259,1655
8087,1869,2888,3270,1651
8087,1861,2869,3263,1631
8087,1862,2881,3267,1665
7720,1862,2875,3263,1660
8087,1861,2878,3272,1656
8087,1869,2892,3261,1625
8087,1859,2877,3274,1635
7720,1865,2883,3261,1663
8087,1862,2877,3265,1655
8087,1868,2878,3264,1630
8087,1856,2873,3268,1636
8087,1865,2880,3264,1646
7720,1858,2874,3265,1658
8087,1877,2888,3266,1636
8087,1858,2875,3266,1635
8087,1865,2885,3261,1646
7720,1862,2873,3264,1658
8087,1872,2894,3272,1644
8087,1859,2865,3263,1635
8087,1869,2887,3273,1658
7720,1865,2875,3262,1664
8087,1874,2891,3271,1648
8087,1867,2886,3264,1635
8087,1865,2891,3273,1631
8087,1870,2885,3273,1643
7720,1869,2889,3269,1663
8087,1865,2881,3268,1633
8087,1870,2891,3271,1637
8087,1869,2882,3268,1644
7720,1869,2885,3270,1660
8087,1875,2886,3272,1636
8087,1860,2886,3273,1639
8087,1873,2890,3271,1647
7720,1865,2889,3273,1664
8087,1874,2891,3265,1641
8087,1866,2885,3268,1636
8087,1879,2887,3275,1652
7720,1863,2893,3267,1667
8087,1878,2892,3267,1644
8087,1866,2896,3273,1639
8087,1872,2897,3277,1624
8087,1865,2887,3266,1649
7720,1877,2902,3271,1653
8087,1862,2893,3277,1644
8087,1871,2901,3274,1631
8087,1870,2890,3278,1649
7720,1869,2903,3273,1657
8087,1873,2889,3271,1648
8087,1869,2899,3276,1639
8087,1871,2885,3270,1649
7720,1869,2895,3275,1664
8087,1868,2896,3268,1643
8087,1872,2904,3266,1645
8087,1878,2889,3273,1622
7720,1870,2897,3272,1673
8087,1875,2893,3276,1643
8087,1869,2892,3274,1648
8087,1877,2888,3268,1623
8087,1863,2889,3275,1655
7720,1876,2888,3265,1648
8087,1865,2889,3272,1646
8087,1874,2893,3280,1627
8087,1860,2884,3283,1659
7720,1879,2895,3266,1653
8087,1867,2886,3270,1649
8087,1865,2893,3265,1625
8087,1864,2881,3279,1658
7720,1867,2893,3263,1662
8087,1861,2884,3269,1648
8087,1873,2892,3273,1637
8087,1859,2876,3262,1630
7720,1870,2892,3280,1660
8087,1861,2882,3266,1650
8087,1868,2885,3274,1643
8087,1862,2872,3267,1628
8087,1870,2891,3273,1654
7720,1864,2874,3268,1653
8087,1862,2893,3277,1649
8087,1865,2878,3261,1626
8087,1862,2888,3280,1663
7720,1865,2886,3267,1650
8087,1859,2888,3272,1650
8087,1871,2876,3267,1628
8087,1865,2881,3276,1662
7720,1879,2875,3265,1654
8087,1854,2886,3271,1650
8087,1872,2890,3271,1634
8087,1859,2884,3264,1628
7720,1872,2887,3276,1662
8087,1855,2877,3271,1657
8087,1874,2895,3268,1628
8087,1858,2877,3274,1634
8087,1868,2892,3276,1646
7720,1861,2879,3269,1655
8087,1870,2888,3269,1641
8087,1857,2875,3268,1631
8087,1872,2888,3272,1653
7720,1860,2873,3265,1660
8087,1867,2895,3275,1650
8087,1867,2873,3270,1632
8087,1869,2893,3278,1660
7720,1862,2883,3271,1656
8087,1863,2888,3276,1659
8087,1864,2881,3271,1628
8087,1862,2880,3268,1636
7720,1870,2878,3265,1660
8087,1864,2880,3271,1662
8087,1870,2883,3266,1630
8087,1863,2883,3273,1638
8087,1872,2889,3273,1641
7720,1865,2887,3271,1662
8087,1876,2890,3271,1637
8087,1860,2882,3270,1634
8087,1872,2892,3270,1645
7720,1862,2880,3269,1660
8087,1874,2903,3274,1639
8087,1865,2878,3278,1636
8087,1877,2891,3282,1657
7720,1870,2886,3271,1665
8087,1870,2897,3277,1651
8087,1868,2885,3272,1637
8087,1872,2900,3277,1631
8087,1871,2883,3268,1646
7720,1878,2895,3272,1653
8087,1868,2885,3273,1633
8087,1867,2884,3273,1636
8087,1864,2880,3270,1647
7720,1869,2888,3271,1659
8087,1868,2884,3271,1643
8087,1862,2888,3280,1640
8087,1866,2882,3270,1648
7720,1871,2888,3270,1663
8087,1869,2886,3273,1636
8087,1871,2889,3280,1646
8087,1876,2882,3276,1623
7720,1865,2889,3267,1677
8087,1874,2886,3269,1645
8087,1862,2894,3266,1642
8087,1873,2886,3270,1628
8087,1860,2883,3266,1651
7720,1879,2894,3274,1646
8087,1863,2887,3273,1643
8087,1878,2893,3273,1629
8087,1866,2884,3268,1654
7720,1877,2900,3275,1657
8087,1863,2881,3272,1645
8087,1870,2889,3276,1639
8087,1868,2879,3271,1656
7720,1874,2881,3266,1667
8087,1867,2883,3273,1648
8087,1872,2898,3273,1643
8087,1869,2879,3264,1624
7720,1865,2896,3277,1672
8087,1866,2880,3266,1647
8087,1865,2893,3276,1645
8087,1860,2877,3272,1625
8087,1858,2887,3261,1656
7720,1868,2880,3268,1654
8087,1862,2892,3278,1651
8087,1869,2880,3265,1627
8087,1862,2888,3268,1655
7720,1871,2888,3269,1654
8087,1860,2891,3280,1645
8087,1876,2886,3268,1629
8087,1865,2880,3274,1663
7720,1873,2889,3270,1656
8087,1867,2883,3275,1650
8087,1877,2897,3273,1635
8087,1856,2881,3263,1630
7720,1871,2894,3277,1663
8087,1863,2886,3274,1650
8087,1871,2895,3271,1643
8087,1859,2881,3276,1625
8087,1870,2896,3268,1655
7720,1865,2883,3264,1651
8087,1869,2900,3270,1645
8087,1864,2869,3275,1630
8087,1870,2893,3265,1659
7720,1866,2882,3279,1657
8087,1865,2902,3272,1650
8087,1876,2883,3277,1627
8087,1869,2888,3266,1662
7720,1870,2883,3273,1655
8087,1865,2889,3277,1654
8087,1874,2884,3268,1631
8087,1862,2889,3267,1631
7720,1884,2890,3275,1665
8087,1865,2892,3273,1652
8087,1877,2895,3272,1637
8087,1861,2878,3276,1631
8087,1872,2901,3280,1643
7720,1863,2872,3269,1658
8087,1870,2891,3269,1638
8087,1856,2870,3273,1634
8087,1865,2883,3274,1651
7720,1861,2868,3265,1663
8087,1865,2891,3271,1648
8087,1860,2870,3276,1636
8087,1872,2889,3270,1658
7720,1858,2886,3274,1666
8087,1868,2894,3271,1652
8087,1867,2895,3275,1634
8087,1865,2892,3266,1634
8087,1867,2888,3276,1640
7720,1866,2896,3277,1658
8087,1868,2881,3273,1637
8087,1867,2888,3266,1633
8087,1870,2892,3268,1644
7720,1869,2894,3274,1663
8087,1871,2888,3272,1637
8087,1863,2887,3266,1637
8087,1867,2894,3273,1652
7720,1864,2895,3273,1665
8087,1874,2885,3276,1642
8087,1859,2879,3276,1640
8087,1872,2893,3268,1620
7720,1857,2888,3275,1665
8087,1870,2896,3273,1649
8087,1859,2885,3276,1644
8087,1866,2896,3275,1628
8087,1861,2885,3278,1648
7690,1869,2909,3280,1657
8087,1862,2891,3273,1647
8087,1870,2891,3277,1639
8087,1861,2884,3273,1658
7720,1870,2900,3274,1666
8087,1862,2886,3272,1646
8087,1867,2892,3275,1643
8087,1865,2881,3273,1630
7720,1863,2896,3273,1675
8087,1865,2888,3274,1646
8087,1866,2890,3277,1652
8087,1870,2881,3270,1626
8087,1857,2892,3273,1656
7720,1869,2889,3273,1647
8087,1862,2883,3273,1647
8087,1872,2885,3273,1628
8087,1859,2881,3280,1657
7720,1876,2893,3267,1655
8087,1859,2884,3272,1649
8087,1870,2888,3274,1630
8087,1857,2874,3277,1662
7720,1868,2893,3271,1658
8087,1859,2882,3274,1652
8087,1870,2897,3278,1637
8087,1858,2872,3273,1630
7720,1870,2895,3272,1665
8087,1856,2876,3267,1656
8087,1865,2894,3271,1639
8087,1853,2869,3267,1626
8087,1871,2887,3273,1653
7690,1865,2867,3265,1663
8087,1866,2883,3275,1654
8087,1862,2879,3271,1639
8087,1858,2878,3280,1635
7720,1870,2875,3261,1662
8087,1860,2877,3270,1660
8087,1864,2872,3264,1636
8087,1856,2870,3271,1632
8087,1865,2875,3266,1642
7690,1855,2872,3267,1666
8087,1870,2873,3265,1642
8087,1857,2874,3266,1638
8087,1868,2874,3262,1648
7720,1851,2876,3264,1668
8087,1868,2877,3262,1641
8087,1852,2866,3270,1639
8087,1870,2877,3270,1626
7720,1857,2865,3274,1668
8087,1870,2874,3264,1650
8087,1856,2872,3267,1637
8087,1858,2867,3262,1630
8087,1854,2866,3260,1648
7690,1873,2866,3267,1667
8087,1854,2861,3261,1648
8087,1870,2875,3263,1639
8087,1857,2864,3263,1623
7720,1860,2878,3269,1670
8087,1858,2865,3256,1641
8087,1864,2867,3264,1647
8087,1857,2854,3254,1624
8087,1863,2867,3276,1655
7720,1854,2859,3256,1646
8087,1852,2872,3267,1647
8087,1862,2857,3258,1622
8087,1858,2862,3265,1658
7690,1867,2863,3251,1657
8087,1854,2860,3262,1657
8087,1866,2875,3256,1631
8087,1852,2855,3264,1633
8087,1866,2866,3247,1643
7720,1851,2861,3258,1659
8087,1871,2869,3265,1638
8087,1848,2858,3272,1634
8087,1863,2873,3261,1650
7720,1854,2857,3264,1660
8087,1867,2871,3267,1641
8087,1856,2855,3259,1634
8087,1863,2870,3262,1656
7690,1848,2862,3258,1665
8087,1861,2863,3262,1652
8087,1854,2855,3252,1638
8087,1863,2861,3268,1634
8087,1854,2852,3251,1644
7720,1851,2860,3255,1658
8087,1858,2857,3249,1639
8087,1849,2851,3251,1638
8087,1858,2846,3244,1647
7720,1862,2853,3255,1664
8087,1860,2854,3245,1637
8087,1849,2848,3255,1642
8087,1862,2854,3247,1648
8056,1854,2846,3249,1654
7720,1853,2843,3243,1648
8087,1845,2847,3247,1638
8087,1858,2850,3245,1625
8087,1844,2843,3249,1656
7720,1864,2856,3248,1659
8087,1850,2844,3254,1643
8087,1857,2856,3252,1629
8087,1843,2848,3258,1655
7720,1865,2864,3256,1653
8087,1848,2849,3262,1646
8087,1861,2871,3251,1636
8087,1852,2857,3254,1626
7720,1857,2867,3265,1669
8087,1853,2853,3256,1648
8087,1856,2874,3264,1648
8087,1851,2853,3258,1627
8056,1857,2863,3258,1657
7720,1853,2851,3252,1654
8087,1852,2866,3259,1648
8087,1853,2847,3251,1624
8087,1851,2854,3259,1664
7720,1865,2855,3248,1651
8087,1850,2863,3263,1655
8087,1862,2864,3251,1630
8087,1844,2853,3263,1628
7720,1855,2855,3252,1661
8087,1843,2842,3254,1656
8087,1862,2866,3256,1635
8087,1843,2853,3259,1629
8056,1855,2861,3258,1647
7720,1848,2856,3261,1660
8087,1865,2871,3267,1647
8087,1854,2863,3265,1635
8087,1862,2869,3263,1624
7720,1847,2859,3260,1660
8087,1852,2872,3260,1646
8087,1850,2854,3263,1641
8087,1861,2864,3266,1635
8087,1851,2861,3260,1652
7720,1856,2865,3271,1658
8087,1848,2866,3260,1638
8087,1848,2867,3271,1636
8056,1850,2859,3259,1652
7720,1858,2876,3261,1667
8087,1854,2863,3260,1645
8087,1855,2869,3268,1647
8087,1854,2862,3269,1624
7720,1855,2870,3267,1672
8087,1866,2859,3258,1647
8087,1851,2873,3267,1639
8087,1855,2863,3263,1628
8087,1849,2866,3264,1654
7720,1862,2866,3261,1649
8087,1846,2862,3259,1648
8087,1863,2865,3255,1627
8056,1848,2852,3265,1629
7720,1861,2873,3262,1664
8087,1845,2859,3253,1653
8087,1860,2868,3263,1635
8087,1844,2852,3259,1626
8087,1866,2865,3270,1652
7720,1850,2852,3258,1653
8087,1858,2860,3263,1642
8087,1844,2846,3249,1629
8087,1857,2863,3266,1655
7720,1849,2846,3250,1655
8087,1854,2857,3255,1647
8087,1859,2845,3253,1629
8056,1851,2861,3268,1635
8087,1855,2856,3262,1639
7720,1857,2861,3260,1663
8087,1860,2859,3261,1628
8087,1848,2858,3266,1632
8087,1862,2859,3259,1644
7720,1848,2859,3269,1663
8087,1863,2865,3263,1634
8087,1848,2858,3262,1637
8087,1861,2862,3260,1649
7720,1850,2852,3256,1664
8087,1860,2866,3262,1640
8087,1851,2846,3262,1637
8056,1865,2864,3256,1622
8087,1844,2859,3259,1652
7720,1862,2874,3264,1651
8087,1852,2857,3258,1639
8087,1853,2867,3266,1629
8087,1841,2857,3259,1653
7720,1859,2864,3267,1661
8087,1855,2855,3257,1643
8087,1859,2852,3263,1637
8087,1847,2853,3254,1649
7720,1855,2854,3259,1667
8087,1858,2853,3258,1639
8087,1854,2869,3269,1639
8056,1857,2854,3262,1622
8087,1851,2868,3262,1660
7720,1858,2864,3259,1647
8087,1857,2867,3269,1652
8087,1865,2856,3261,1622
8087,1853,2857,3263,1662
7720,1855,2853,3256,1653
8087,1850,2858,3256,1651
8087,1866,2865,3256,1632
8087,1854,2850,3261,1631
7720,1865,2867,3256,1660
8087,1846,2851,3259,1651
8087,1860,2874,3257,1631
8056,1853,2846,3262,1635
8087,1858,2866,3259,1647
7720,1849,2846,3248,1658
8087,1857,2869,3253,1644
8087,1850,2840,3251,1633
8087,1848,2853,3266,1653
7720,1841,2855,3243,1657
8087,1851,2852,3255,1649
8087,1850,2847,3249,1633
8087,1843,2858,3254,1629
7720,1844,2853,3248,1661
8087,1853,2863,3258,1659
8087,1851,2851,3246,1632
8056,1850,2849,3251,1638
8087,1854,2852,3251,1647
7720,1844,2855,3255,1672
8087,1854,2857,3253,1640
8087,1849,2858,3256,1642
8087,1854,2857,3248,1615
7720,1841,2858,3255,1667
8087,1855,2853,3258,1649
8087,1848,2859,3256,1640
8087,1859,2861,3254,1625
8087,1842,2854,3258,1648
7720,1853,2862,3249,1650
8087,1844,2846,3254,1642
8056,1859,2852,3253,1635
8087,1850,2845,3251,1658
7720,1852,2863,3256,1663
8087,1842,2845,3246,1647
8087,1854,2857,3259,1636
8087,1837,2841,3254,1623
7720,1850,2856,3270,1671
8087,1847,2852,3249,1647
8087,1854,2857,3260,1644
8087,1848,2845,3244,1630
8087,1846,2858,3269,1656
7720,1855,2847,3251,1647
8087,1852,2859,3258,1652
8056,1857,2853,3251,1627
8087,1847,2860,3262,1633
7720,1858,2858,3253,1661
8087,1841,2853,3258,1660
8087,1858,2866,3247,1629
8087,1841,2855,3262,1635
8087,1859,2862,3251,1644
7720,1848,2852,3252,1657
8087,1860,2855,3253,1637
8087,1840,2847,3251,1631
8087,1855,2860,3251,1649
7720,1849,2851,3253,1659
8087,1855,2865,3265,1641
8056,1847,2853,3258,1642
8087,1850,2862,3260,1629
7720,1845,2851,3256,1667
8087,1857,2869,3262,1650
8087,1848,2853,3250,1641
8087,1855,2858,3264,1629
8087,1849,2855,3257,1649
7720,1856,2868,3264,1660
8087,1850,2853,3258,1638
8087,1849,2860,3261,1637
8087,1854,2852,3253,1645
7720,1850,2861,3261,1669
8087,1853,2853,3253,1640
8087,1852,2850,3255,1644
8087,1850,2853,3257,1650
7720,1843,2859,3257,1669
8087,1854,2853,3253,1643
8056,1844,2860,3265,1648
8087,1854,2858,3258,1623
8087,1840,2859,3269,1659
7720,1861,2865,3261,1649
8087,1849,2863,3260,1647
8087,1863,2867,3261,1630
8087,1843,2860,3259,1661
7720,1854,2875,3265,1661
8087,1846,2863,3263,1651
8087,1863,2879,3266,1641
8087,1847,2866,3268,1629
7720,1858,2878,3275,1667
8087,1844,2865,3265,1651
8056,1857,2868,3269,1643
8087,1847,2857,3263,1636
8087,1858,2872,3272,1657
7720,1848,2859,3256,1655
8087,1852,2875,3267,1652
8087,1854,2858,3262,1635
8087,1855,2868,3265,1636
7720,1859,2868,3253,1651
8087,1847,2864,3269,1663
8087,1861,2866,3267,1630
8087,1850,2864,3276,1640
8087,1861,2871,3260,1642
7720,1846,2863,3272,1656
8056,1859,2867,3262,1637
8087,1848,2863,3269,1640
8087,1855,2868,3266,1652
7720,1848,2865,3261,1660
8087,1860,2869,3265,1643
8087,1847,2860,3251,1641
8087,1863,2865,3259,1620
7720,1843,2854,3259,1667
8087,1852,2872,3260,1650
8087,1846,2862,3259,1641
8087,1856,2866,3269,1631
8087,1848,2858,3258,1650
7720,1857,2862,3270,1655
8056,1843,2862,3258,1646
8087,1859,2874,3266,1636
8087,1850,2859,3257,1626
7720,1853,2867,3262,1672
8087,1851,2842,3250,1641
8087,1846,2861,3262,1642
8087,1846,2846,3244,1623
8087,1848,2855,3258,1655
7720,1852,2850,3247,1645
8087,1847,2857,3264,1647
8087,1858,2855,3259,1628
8087,1844,2859,3257,1655
7720,1858,2853,3250,1650
8056,1843,2853,3252,1652
8087,1857,2861,3240,1634
8087,1838,2843,3248,1634
7720,1858,2851,3247,1660
8087,1836,2832,3248,1652
8087,1855,2868,3251,1634
8087,1838,2842,3249,1635
8087,1850,2861,3258,1651
7720,1839,2846,3251,1652
8087,1855,2871,3265,1642
8087,1840,2851,3256,1631
8087,1846,2871,3263,1657
7720,1842,2851,3255,1660
8056,1851,2870,3266,1656
8087,1848,2861,3250,1636
8087,1856,2859,3274,1631
8087,1850,2854,3256,1645
7720,1849,2865,3257,1663
8087,1844,2861,3256,1635
8087,1849,2855,3260,1637
8087,1856,2854,3256,1646
7720,1841,2850,3253,1665
8087,1849,2863,3246,1637
8087,1838,2851,3254,1641
8087,1851,2855,3251,1650
7720,1838,2852,3252,1668
8056,1854,2852,3244,1642
8087,1844,2852,3245,1650
8087,1857,2849,3249,1628
8087,1840,2840,3255,1651
7720,1854,2852,3251,1650
8087,1843,2847,3250,1640
8087,1852,2853,3251,1629
8087,1840,2845,3251,1651
7720,1851,2852,3253,1657
8087,1836,2852,3243,1647
8087,1853,2854,3253,1633
8087,1843,2846,3241,1658
7720,1850,2853,3256,1665
8056,1842,2835,3236,1652
8087,1845,2852,3245,1644
8087,1846,2831,3238,1625
8087,1846,2842,3241,1656
7720,1844,2830,3232,1653
8087,1847,2839,3241,1652
8087,1845,2835,3236,1627
8087,1843,2843,3246,1663
7720,1846,2839,3235,1652
8087,1842,2843,3250,1654
8087,1850,2845,3234,1626
8087,1843,2839,3247,1631
7720,1852,2846,3242,1657
8056,1838,2845,3240,1660
8087,1852,2846,3237,1640
8087,1837,2831,3247,1633
8087,1848,2847,3237,1649
7720,1836,2830,3238,1662
8087,1851,2847,3242,1644
8087,1836,2823,3238,1635
8087,1843,2838,3245,1658
7720,1839,2834,3229,1663
8087,1844,2850,3242,1644
8087,1841,2832,3238,1636
8087,1836,2839,3250,1630
8087,1843,2834,3238,1642
7720,1846,2844,3248,1654
8087,1842,2835,3240,1634
8087,1847,2839,3249,1637
8087,1842,2841,3239,1647
7720,1852,2838,3246,1664
8087,1846,2834,3232,1640
8087,1840,2824,3233,1644
8087,1843,2823,3229,1647
7720,1841,2825,3237,1665
8087,1852,2828,3226,1642
8087,1840,2831,3232,1642
8087,1839,2824,3225,1618
7720,1838,2824,3220,1672
8087,1849,2830,3227,1640
8087,1835,2820,3233,1638
8087,1850,2825,3225,1625
8087,1835,2817,3235,1650
7720,1843,2835,3231,1649
8087,1835,2823,3225,1641
8087,1849,2826,3230,1630
8087,1835,2816,3219,1653
7720,1850,2828,3231,1655
8087,1837,2816,3220,1643
8087,1850,2820,3226,1636
8087,1835,2813,3220,1652
7720,1839,2823,3229,1664
8087,1842,2813,3214,1643
8087,1844,2833,3228,1643
8087,1842,2812,3216,1620
7720,1849,2832,3244,1668
8087,1842,2828,3228,1644
8087,1840,2836,3235,1642
8087,1850,2819,3225,1626
8087,1845,2830,3235,1653
7720,1858,2825,3224,1647
8087,1841,2823,3239,1644
8087,1851,2822,3230,1620
8087,1838,2825,3233,1654
7720,1856,2823,3227,1645
8087,1835,2818,3224,1651
8087,1853,2827,3227,1629
8087,1841,2817,3229,1657
7720,1847,2825,3222,1660
8087,1834,2815,3229,1650
8087,1848,2837,3236,1635
8087,1831,2817,3226,1627
7720,1849,2828,3242,1664
8087,1839,2818,3225,1650
8087,1849,2834,3242,1641
8087,1834,2817,3222,1627
8087,1849,2830,3239,1650
7720,1832,2816,3217,1653
8087,1844,2835,3231,1642
8087,1840,2822,3217,1625
8087,1842,2831,3233,1658
7720,1843,2828,3223,1649
8087,1844,2833,3240,1651
8087,1846,2822,3226,1625
8087,1836,2833,3241,1660
7720,1848,2844,3226,1655
8087,1836,2840,3240,1654
8087,1848,2837,3237,1631
8087,1840,2834,3240,1627
7720,1850,2838,3238,1660
8087,1831,2830,3240,1654
8087,1849,2847,3239,1634
8087,1838,2828,3244,1630
8087,1844,2844,3245,1650
7720,1832,2830,3242,1653
8087,1846,2844,3241,1637
8087,1835,2825,3237,1629
8087,1842,2838,3247,1654
7720,1833,2830,3237,1656
8087,1847,2841,3240,1649
8087,1836,2819,3234,1630
8087,1850,2838,3237,1662
7720,1843,2832,3229,1654
8087,1841,2836,3240,1650
8087,1844,2837,3237,1636
8087,1845,2841,3247,1635
8087,1841,2841,3237,1640
7720,1844,2841,3246,1662
8087,1843,2836,3238,1627
8087,1838,2831,3233,1634
8087,1847,2834,3231,1644
7720,1830,2842,3238,1658
8087,1852,2843,3245,1636
8087,1829,2833,3245,1634
8087,1848,2846,3251,1649
7720,1836,2834,3240,1664
8087,1852,2847,3246,1640
8087,1839,2839,3238,1642
8087,1849,2842,3250,1620
7720,1838,2837,3236,1663
8087,1843,2855,3246,1646
8087,1841,2843,3245,1636
8087,1848,2851,3254,1627
8087,1842,2840,3250,1646
7720,1848,2858,3252,1649
8087,1841,2845,3245,1637
8087,1845,2846,3252,1631
8087,1849,2841,3248,1644
7720,1847,2846,3250,1670
8087,1843,2847,3249,1642
8087,1841,2845,3250,1636
8087,1843,2842,3246,1647
7720,1842,2845,3252,1673
8087,1845,2838,3238,1638
8087,1846,2852,3251,1641
8087,1848,2845,3244,1618
7720,1845,2849,3255,1665
8087,1848,2851,3247,1643
8087,1840,2851,3251,1646
8087,1852,2850,3245,1623
8087,1842,2844,3258,1653
7720,1853,2851,3244,1643
8087,1840,2854,3245,1642
8087,1849,2853,3244,1623
8087,1838,2839,3252,1652
7720,1856,2853,3248,1654
8087,1844,2839,3244,1645
8087,1848,2845,3252,1635
8087,1838,2840,3244,1655
7720,1854,2849,3255,1664
8087,1841,2844,3245,1646
8087,1851,2864,3251,1640
8087,1844,2844,3255,1622
7720,1850,2854,3258,1670
8087,1842,2845,3245,1648
8087,1851,2856,3252,1643
8087,1846,2842,3241,1624
8087,1845,2855,3252,1656
7720,1853,2836,3239,1653
8087,1845,2844,3249,1647
8087,1856,2842,3244,1621
8087,1840,2847,3248,1656
7720,1853,2843,3247,1647
8087,1844,2848,3248,1648
8087,1859,2845,3246,1626
8087,1834,2840,3255,1659
7720,1856,2850,3247,1661
8087,1836,2842,3251,1651
8087,1858,2857,3251,1633
8087,1843,2835,3251,1628
7720,1854,2860,3258,1665
8087,1842,2846,3247,1649
8087,1854,2861,3259,1637
8087,1840,2842,3252,1629
8087,1846,2856,3251,1650
7720,1847,2834,3245,1654
8087,1853,2859,3260,1644
8087,1839,2837,3251,1627
8087,1845,2854,3261,1655
7720,1848,2840,3245,1657
8087,1844,2852,3253,1652
8087,1847,2836,3250,1629
8087,1843,2850,3257,1663
7720,1856,2852,3245,1658
8087,1846,2854,3257,1654
8087,1854,2860,3248,1632
8087,1839,2847,3252,1632
8087,1863,2854,3248,1639
7720,1834,2842,3246,1659
8087,1853,2851,3251,1633
8087,1835,2839,3244,1631
8087,1856,2848,3247,1641
7720,1834,2830,3243,1659
8087,1850,2858,3243,1634
8087,1834,2840,3251,1638
8087,1849,2856,3251,1649
7720,1842,2839,3243,1660
8087,1845,2865,3256,1644
8087,1837,2840,3248,1633
8087,1853,2867,3258,1626
7720,1844,2845,3247,1662
8087,1851,2866,3251,1650
8087,1837,2846,3243,1637
8087,1840,2853,3254,1630
8087,1845,2850,3255,1640
7720,1847,2859,3259,1654
8087,1844,2854,3248,1635
8087,1847,2853,3258,1637
8087,1844,2857,3257,1641
7720,1841,2853,3260,1664
8087,1853,2853,3252,1637
8087,1834,2847,3258,1640
8087,1854,2854,3251,1649
7720,1846,2850,3254,1665
8087,1853,2858,3247,1641
8087,1840,2858,3255,1643
8087,1855,2850,3258,1622
7720,1838,2854,3252,1669
8087,1852,2860,3261,1644
8087,1844,2857,3260,1641
8087,1857,2867,3273,1624
8087,1839,2858,3260,1647
7720,1844,2875,3257,1649
8087,1844,2853,3255,1637
8087,1847,2860,3264,1632
8087,1841,2848,3249,1652
7720,1851,2859,3261,1656
8087,1840,2850,3249,1641
8087,1846,2850,3262,1637
8087,1843,2844,3259,1650
7720,1847,2858,3262,1665
8087,1850,2853,3251,1644
8087,1847,2868,3256,1648
8087,1849,2855,3250,1618
7720,1849,2860,3262,1670
8087,1845,2857,3245,1640
8087,1841,2860,3263,1643
8087,1856,2848,3245,1622
8087,1836,2853,3257,1651
7720,1852,2850,3251,1647
8087,1839,2856,3253,1642
8087,1856,2849,3251,1620
8087,1842,2850,3253,1659
7720,1854,2854,3254,1651
8087,1843,2854,3256,1649
8087,1856,2853,3254,1631
8087,1845,2844,3258,1659
7720,1849,2859,3255,1658
8087,1840,2849,3252,1645
8087,1854,2859,3258,1637
8087,1844,2845,3252,1630
7720,1849,2859,3264,1669
8087,1841,2845,3254,1646
8087,1847,2862,3261,1642
8087,1849,2847,3246,1624
8087,1853,2857,3261,1654
7720,1842,2852,3248,1647
8087,1847,2859,3259,1649
8087,1850,2852,3253,1626
8087,1849,2858,3261,1660
7720,1853,2854,3249,1652
8087,1836,2855,3257,1654
8087,1857,2850,3244,1629
8087,1836,2852,3261,1659
7720,1851,2855,3245,1662
8087,1837,2851,3253,1651
8087,1857,2863,3253,1634
8087,1837,2846,3254,1627
7720,1854,2860,3266,1659
8087,1839,2850,3256,1657
8087,1854,2860,3256,1634
8087,1836,2838,3258,1630
8087,1853,2864,3254,1649
7720,1843,2846,3246,1654
8087,1852,2857,3260,1637
8087,1834,2840,3243,1631
8087,1844,2859,3254,1656
7720,1843,2840,3239,1656
8087,1849,2852,3257,1644
8087,1848,2840,3250,1629
8087,1845,2850,3263,1659
7720,1847,2849,3252,1661
8087,1847,2853,3257,1656
8087,1850,2847,3242,1634
8087,1845,2847,3255,1632
8087,1850,2847,3244,1645
7720,1848,2847,3246,1659
8087,1849,2846,3247,1630
8087,1840,2836,3258,1638
8087,1856,2847,3233,1644
7720,1843,2841,3246,1656
8087,1853,2848,3249,1636
8087,1838,2834,3249,1637
8087,1850,2848,3247,1652
7720,1844,2834,3247,1661
8087,1850,2845,3251,1643
8087,1846,2839,3243,1634
8087,1850,2849,3246,1621
7720,1843,2836,3236,1657
8087,1848,2843,3247,1643
8087,1839,2832,3237,1637
8087,1845,2841,3247,1629
8087,1843,2829,3234,1644
7720,1856,2841,3249,1650
8087,1843,2835,3234,1638
8087,1848,2835,3255,1640
8087,1849,2830,3241,1647
7720,1844,2838,3240,1665
8087,1840,2836,3235,1638
8087,1842,2832,3240,1636
8087,1849,2831,3229,1646
7720,1841,2837,3237,1668
8087,1849,2834,3233,1636
8087,1837,2845,3244,1637
8087,1850,2839,3237,1625
7720,1842,2843,3252,1669
8087,1850,2847,3253,1646
8087,1839,2851,3252,1642
8087,1844,2848,3257,1622
8087,1840,2845,3258,1652
7720,1855,2853,3246,1649
8087,1839,2838,3247,1642
8087,1843,2849,3247,1626
8087,1843,2839,3255,1650
7720,1847,2858,3255,1653
8087,1839,2843,3245,1646
8087,1848,2852,3259,1634
8087,1839,2844,3256,1654
7720,1856,2856,3253,1664
8087,1843,2845,3244,1640
8087,1845,2853,3263,1640
8087,1837,2835,3248,1620
7720,1845,2847,3261,1671
8087,1845,2841,3243,1640
8087,1846,2855,3249,1643
8087,1846,2843,3247,1620
8087,1846,2851,3256,1659
7720,1846,2850,3246,1649
8087,1846,2861,3254,1649
8087,1850,2847,3250,1625
8087,1841,2850,3262,1654
7720,1858,2854,3249,1651
8087,1843,2851,3260,1646
8087,1859,2851,3253,1627
8087,1835,2840,3251,1659
7720,1845,2851,3245,1660
8087,1840,2845,3252,1650
8087,1848,2860,3245,1636
8087,1836,2843,3248,1629
7720,1848,2857,3251,1660
8087,1835,2843,3237,1651
8087,1851,2859,3252,1636
8087,1842,2834,3241,1630
8087,1843,2853,3258,1653
7720,1845,2844,3244,1652
8087,1848,2854,3262,1644
8087,1846,2833,3238,1625
8087,1843,2847,3252,1655
7720,1844,2833,3242,1649
8087,1846,2839,3252,1655
8087,1853,2834,3248,1626
8087,1840,2843,3254,1662
7720,1854,2847,3237,1655
8087,1839,2849,3247,1657
8087,1848,2841,3241,1632
8087,1841,2842,3248,1633
8087,1843,2843,3244,1640
7720,1843,2841,3247,1653
8087,1847,2847,3245,1632
8087,1836,2833,3244,1631
8087,1850,2850,3251,1644
7720,1838,2835,3242,1661
8087,1849,2846,3246,1642
8087,1838,2831,3244,1633
8087,1849,2849,3252,1654
7720,1840,2835,3244,1657
8087,1847,2853,3251,1647
8087,1842,2829,3239,1632
8087,1845,2853,3252,1626
7720,1844,2841,3240,1659
8087,1845,2850,3254,1655
8087,1843,2836,3250,1633
8087,1849,2849,3252,1637
8087,1849,2841,3248,1644
7720,1849,2841,3255,1657
8087,1852,2845,3241,1634
8087,1840,2843,3254,1637
8087,1848,2849,3252,1645
7720,1843,2846,3254,1660
8087,1855,2845,3244,1636
8087,1834,2839,3248,1636
8087,1855,2846,3250,1649
7720,1843,2842,3255,1665
8087,1851,2851,3246,1639
8087,1840,2845,3247,1640
8087,1846,2850,3253,1616
7720,1841,2847,3250,1666
8087,1850,2854,3254,1647
8087,1837,2848,3252,1637
8087,1853,2850,3260,1629
8087,1843,2847,3249,1648
7720,1856,2843,3256,1656
8087,1837,2850,3246,1640
8087,1851,2847,3259,1634
8087,1840,2843,3245,1650
7720,1846,2846,3258,1659
8087,1847,2843,3240,1637
8087,1844,2843,3255,1640
8087,1849,2840,3250,1650
7720,1850,2847,3249,1666
8087,1849,2844,3245,1640
8087,1843,2857,3258,1643
8087,1850,2845,3249,1619
7720,1844,2850,3258,1668
8087,1854,2847,3241,1643
8087,1845,2848,3254,1645
8087,1854,2843,3249,1621
8087,1839,2844,3258,1655
7720,1848,2849,3253,1646
8087,1842,2852,3255,1645
8087,1847,2852,3247,1624
8087,1843,2839,3249,1655
7720,1851,2845,3243,1652
8087,1838,2837,3244,1647
8087,1850,2838,3251,1633
8087,1838,2835,3244,1656
7720,1844,2845,3252,1661
8087,1835,2831,3243,1645
8087,1847,2862,3252,1640
8087,1841,2835,3240,1627
7720,1844,2855,3256,1669
8087,1839,2839,3246,1647
8087,1847,2856,3255,1641
8087,1843,2844,3247,1621
8087,1848,2858,3260,1658
7720,1850,2844,3251,1647
8087,1843,2856,3257,1649
8087,1849,2845,3247,1627
8087,1841,2852,3262,1658
7720,1853,2848,3246,1652
8087,1839,2851,3254,1649
8087,1849,2846,3247,1628
8087,1837,2850,3257,1655
7720,1858,2851,3248,1659
8087,1837,2852,3252,1651
8087,1852,2859,3253,1629
8087,1837,2838,3245,1632
7720,1848,2851,3252,1658
8087,1836,2838,3251,1651
8087,1848,2855,3254,1637
8087,1841,2835,3249,1634
8087,1845,2854,3254,1645
7720,1842,2841,3248,1653
8087,1849,2860,3261,1646
8087,1841,2843,3248,1634
8087,1849,2859,3261,1657
7720,1843,2836,3251,1653
8087,1846,2852,3257,1651
8087,1843,2834,3240,1629
8087,1847,2853,3247,1666
7720,1843,2844,3240,1654
8087,1840,2846,3257,1656
8087,1844,2842,3250,1631
8087,1843,2847,3252,1633
8087,1850,2848,3247,1638
7720,1836,2843,3258,1655
8087,1857,2852,3252,1633
8087,1840,2842,3255,1634
8087,1850,2849,3254,1641
7720,1840,2839,3250,1657
8087,1855,2854,3249,1641
8087,1837,2832,3247,1635
8087,1850,2848,3247,1649
7720,1837,2833,3252,1662
8087,1854,2846,3245,1647
8087,1843,2836,3247,1632
8087,1850,2852,3255,1627
7720,1838,2839,3242,1660
8087,1850,2848,3255,1649
8087,1842,2838,3246,1632
8087,1850,2849,3260,1629
8087,1838,2840,3246,1645
7720,1846,2845,3256,1655
8087,1849,2842,3244,1640
8087,1843,2837,3248,1638
8087,1840,2841,3244,1643
7720,1848,2848,3254,1665
8087,1845,2842,3244,1637
8087,1839,2838,3256,1640
8087,1850,2841,3249,1649
7720,1842,2842,3255,1662
8087,1853,2845,3251,1640
8087,1846,2846,3252,1638
8087,1846,2851,3258,1622
7720,1835,2851,3254,1664
8087,1849,2855,3251,1644
8087,1835,2839,3248,1641
8087,1848,2845,3248,1622
8087,1838,2841,3253,1648
7720,1848,2852,3248,1649
8087,1835,2843,3250,1641
8087,1847,2848,3246,1627
8087,1845,2833,3258,1654
7720,1858,2837,3257,1658
8087,1840,2845,3251,1643
8087,1849,2845,3257,1628
8087,1837,2841,3255,1652
7720,1855,2842,3255,1663
8087,1839,2843,3246,1641
8087,1845,2856,3255,1642
8087,1840,2842,3255,1621
7720,1839,2849,3260,1672
8087,1843,2845,3250,1640
8087,1847,2854,3257,1652
8087,1848,2844,3251,1619
8087,1841,2848,3263,1655
7720,1852,2846,3250,1645
8087,1840,2854,3257,1644
8087,1858,2845,3262,1623
8087,1842,2850,3261,1654
7720,1857,2846,3251,1651
8087,1839,2845,3253,1649
8087,1852,2847,3251,1629
8087,1842,2839,3248,1655
7720,1857,2856,3254,1661
8087,1840,2837,3254,1647
8087,1854,2863,3261,1631
8087,1843,2841,3252,1626
7720,1853,2855,3256,1667
8087,1838,2837,3248,1648
8087,1851,2854,3256,1641
8087,1843,2830,3251,1627
8087,1848,2851,3255,1654
7720,1843,2838,3244,1649
8087,1839,2854,3258,1653
8087,1846,2835,3249,1625
8087,1849,2847,3258,1657
7720,1851,2844,3246,1653
8087,1840,2845,3253,1656
8087,1847,2840,3244,1625
8087,1839,2839,3253,1665
7720,1849,2847,3244,1653
8087,1836,2847,3249,1653
8087,1851,2847,3253,1630
8087,1832,2833,3257,1634
8087,1852,2853,3255,1640
7720,1840,2838,3255,1656
8087,1848,2853,3254,1631
8087,1836,2834,3256,1632
8087,1838,2857,3254,1648
7720,1842,2839,3250,1656
8087,1849,2852,3255,1639
8087,1838,2836,3249,1632
8087,1846,2851,3254,1657
7720,1843,2837,3242,1662
8087,1846,2848,3255,1647
8087,1836,2831,3247,1631
8087,1841,2853,3256,1629
7720,1844,2846,3249,1652
8087,1845,2852,3256,1655
8087,1849,2845,3256,1631
8087,1842,2844,3254,1640
8087,1843,2846,3248,1642
7720,1841,2845,3250,1662
8087,1844,2840,3241,1634
8087,1840,2843,3256,1637
8087,1856,2844,3249,1644
7720,1842,2837,3257,1663
8087,1856,2856,3256,1635
8087,1840,2846,3258,1635
8087,1855,2854,3253,1652
7720,1842,2839,3251,1666
8087,1854,2853,3255,1639
8087,1843,2845,3258,1641
8087,1854,2850,3255,1627
7720,1842,2840,3246,1668
8087,1849,2855,3250,1647
8087,1843,2839,3242,1637
8087,1844,2847,3254,1629
8087,1836,2836,3246,1646
7720,1848,2849,3257,1657
8087,1839,2837,3251,1640
8087,1844,2849,3257,1635
8087,1843,2841,3246,1646
7720,1842,2851,3259,1663
8087,1847,2845,3250,1638
8087,1843,2841,3250,1641
8087,1849,2841,3254,1647
7720,1845,2838,3254,1667
8087,1845,2845,3251,1637
8087,1839,2845,3248,1640
8087,1852,2844,3249,1624
7720,1833,2842,3249,1667
8087,1851,2844,3240,1644
8087,1834,2847,3250,1639
8087,1846,2838,3245,1627
8087,1838,2839,3251,1650
7720,1855,2843,3248,1645
8087,1838,2838,3251,1639
8087,1841,2840,3249,1631
8087,1835,2833,3251,1651
7720,1843,2839,3247,1656
8087,1836,2837,3251,1640
8087,1849,2841,3258,1633
8087,1843,2836,3247,1653
7720,1854,2850,3254,1661
8087,1840,2837,3252,1642
8087,1851,2854,3256,1637
8087,1842,2842,3250,1623
7720,1848,2853,3264,1672
8087,1849,2842,3249,1643
8087,1845,2850,3259,1645
8087,1843,2841,3246,1622
8087,1845,2848,3257,1660
7690,1844,2844,3250,1647
8087,1843,2852,3262,1649
8087,1852,2849,3260,1631
8087,1838,2849,3266,1624
7720,1850,2852,3254,1650
8087,1836,2847,3258,1651
8087,1853,2847,3254,1631
8087,1842,2840,3253,1629
8087,1848,2844,3255,1643
7690,1838,2830,3255,1657
8087,1854,2846,3252,1639
8087,1842,2834,3258,1632
8087,1847,2855,3260,1655
7720,1834,2842,3251,1659
8087,1851,2858,3259,1645
8087,1847,2843,3245,1632
8087,1850,2852,3260,1627
7720,1840,2843,3253,1662
8087,1847,2851,3259,1654
8087,1843,2841,3244,1634
8087,1848,2851,3266,1638
8087,1841,2837,3248,1643
7690,1841,2846,3258,1664
8087,1845,2845,3250,1639
8087,1848,2851,3258,1641
8087,1843,2842,3248,1622
7720,1842,2848,3258,1671
8087,1849,2850,3253,1644
8087,1841,2844,3258,1642
8087,1850,2836,3258,1623
8087,1837,2847,3260,1652
7720,1854,2847,3252,1649
8087,1840,2845,3262,1647
8087,1850,2844,3259,1623
8087,1842,2837,3255,1654
7690,1848,2853,3252,1659
8087,1839,2838,3258,1651
8087,1850,2858,3258,1632
8087,1839,2834,3250,1624
7720,1850,2853,3255,1658
8087,1836,2827,3243,1653
8087,1848,2850,3253,1642
8087,1842,2829,3233,1631
8087,1844,2848,3251,1655
7720,1842,2834,3243,1653
8087,1841,2846,3257,1651
8087,1841,2838,3248,1625
8087,1841,2854,3268,1658
7690,1847,2848,3261,1655
8087,1839,2850,3264,1656
8087,1846,2854,3256,1633
8087,1839,2850,3267,1636
8087,1848,2850,3247,1640
7720,1843,2846,3260,1660
8087,1853,2843,3256,1636
8087,1832,2847,3258,1635
8087,1851,2852,3260,1646
7720,1843,2854,3261,1657
8087,1857,2859,3262,1645
8087,1839,2838,3262,1637
8087,1851,2852,3260,1650
7690,1843,2844,3251,1669
8087,1850,2845,3256,1642
8087,1835,2839,3256,1639
8087,1843,2844,3256,1628
8087,1838,2834,3245,1650
7720,1850,2841,3256,1652
8087,1835,2834,3244,1640
8087,1848,2836,3254,1632
8087,1845,2834,3247,1649
7720,1847,2843,3261,1666
8087,1842,2840,3246,1640
8087,1846,2842,3252,1645
8087,1843,2837,3249,1653
8056,1847,2843,3255,1653
7720,1847,2834,3238,1650
8087,1843,2838,3247,1646
8087,1849,2827,3244,1623
8087,1839,2833,3250,1657
7720,1853,2840,3243,1650
8087,1833,2835,3251,1645
8087,1847,2831,3240,1628
8087,1830,2833,3254,1658
7720,1852,2836,3245,1656
8087,1833,2832,3246,1649
8087,1848,2845,3251,1635
8087,1837,2833,3255,1627
8056,1845,2852,3255,1646
7720,1845,2827,3244,1654
8087,1847,2840,3252,1640
8087,1839,2821,3238,1630
8087,1848,2839,3251,1651
7720,1843,2818,3238,1659
8087,1850,2839,3252,1646
8087,1841,2826,3244,1637
8087,1849,2838,3252,1629
7720,1842,2838,3244,1659
8087,1846,2841,3253,1652
8087,1843,2839,3245,1634
8087,1843,2835,3251,1635
8056,1847,2832,3241,1640
7720,1841,2826,3244,1667
8087,1851,2835,3244,1638
8087,1840,2828,3246,1637
8087,1850,2833,3247,1651
7720,1834,2838,3241,1665
8087,1852,2843,3248,1642
8087,1837,2844,3248,1638
8087,1844,2843,3248,1620
7720,1840,2838,3253,1674
8087,1852,2850,3253,1645
8087,1839,2831,3253,1644
8087,1844,2846,3261,1626
8056,1842,2836,3251,1655
7720,1852,2847,3252,1655
8087,1840,2835,3246,1648
8087,1852,2851,3255,1633
8087,1840,2830,3246,1624
7720,1849,2841,3251,1669
8087,1844,2830,3246,1648
8087,1844,2844,3253,1645
8087,1841,2825,3237,1623
8087,1852,2838,3260,1657
7720,1841,2831,3238,1646
8087,1847,2841,3248,1648
8087,1844,2823,3229,1624
8087,1840,2832,3255,1662
7720,1848,2827,3241,1647
8087,1838,2838,3249,1654
8087,1857,2827,3241,1628
8056,1844,2830,3252,1634
7720,1851,2834,3237,1659
8087,1835,2834,3248,1657
8087,1851,2842,3246,1639
8087,1839,2825,3248,1633
8087,1856,2841,3247,1642
7720,1842,2825,3244,1657
8087,1850,2837,3242,1639
8087,1839,2816,3246,1638
8087,1852,2839,3251,1652
7720,1839,2821,3240,1659
8087,1846,2839,3244,1643
8087,1839,2819,3234,1636
8056,1849,2830,3258,1628
8087,1843,2828,3242,1648
7720,1850,2832,3253,1655
8087,1847,2824,3241,1636
8087,1842,2830,3246,1633
8087,1843,2826,3245,1644
7720,1844,2828,3251,1663
8087,1845,2830,3240,1637
8087,1841,2830,3249,1639
8087,1853,2831,3245,1649
7720,1843,2838,3251,1665
8087,1848,2839,3242,1642
8087,1840,2837,3249,1635
8056,1854,2827,3244,1627
8087,1839,2826,3243,1653
7720,1854,2825,3235,1648
8087,1834,2823,3248,1651
8087,1849,2831,3241,1623
8087,1838,2824,3250,1658
7720,1847,2839,3249,1655
8087,1836,2833,3251,1646
8087,1851,2843,3253,1634
8087,1840,2831,3246,1658
7720,1850,2852,3254,1659
8087,1844,2830,3249,1653
8087,1847,2850,3260,1641
8056,1839,2821,3240,1627
8087,1843,2835,3254,1653
7720,1843,2830,3239,1650
8087,1847,2836,3254,1652
8087,1847,2827,3248,1626
8087,1834,2846,3256,1664
7720,1845,2823,3240,1650
8087,1839,2838,3256,1656
8087,1847,2840,3244,1629
8087,1841,2831,3251,1631
7720,1850,2831,3243,1657
8087,1832,2826,3249,1652
8087,1853,2837,3239,1632
8056,1837,2823,3248,1639
8087,1849,2828,3250,1645
7720,1839,2831,3247,1665
8087,1852,2839,3253,1641
8087,1836,2824,3250,1640
8087,1848,2845,3251,1619
7720,1845,2832,3250,1665
8087,1845,2846,3251,1647
8087,1840,2836,3248,1640
8087,1850,2838,3253,1629
8087,1840,2830,3254,1644
7720,1844,2837,3253,1649
8087,1839,2840,3246,1639
8056,1849,2834,3258,1637
8087,1842,2831,3246,1651
7720,1850,2834,3249,1666
8087,1843,2829,3242,1638
8087,1844,2845,3255,1641
8087,1844,2827,3244,1617
7720,1841,2838,3262,1672
8087,1848,2830,3249,1647
8087,1843,2837,3254,1640
8087,1849,2835,3242,1624
8087,1842,2839,3258,1654
7720,1847,2840,3251,1648
8087,1836,2839,3247,1641
8056,1850,2835,3245,1630
8087,1838,2832,3255,1632
7720,1850,2843,3244,1661
8087,1838,2830,3248,1650
8087,1845,2845,3248,1633
8087,1840,2822,3240,1636
8087,1852,2840,3248,1644
7720,1836,2823,3242,1653
8087,1846,2839,3250,1638
8087,1836,2820,3244,1627
8087,1846,2836,3257,1652
7720,1839,2826,3236,1652
8087,1849,2836,3260,1641
8056,1843,2833,3255,1630
8087,1847,2838,3256,1634
7720,1844,2835,3257,1666
8087,1840,2844,3253,1658
8087,1846,2838,3251,1634
8087,1839,2833,3258,1631
8087,1840,2835,3247,1643
7720,1850,2830,3255,1667
8087,1850,2849,3247,1636
8087,1832,2829,3250,1640
8087,1848,2839,3254,1649
7720,1841,2834,3256,1658
8087,1854,2839,3250,1644
8056,1839,2836,3253,1643
8087,1848,2838,3240,1624
8087,1838,2829,3246,1653
7720,1848,2835,3240,1649
8087,1837,2828,3248,1644
8087,1848,2834,3248,1629
8087,1834,2820,3241,1655
7720,1848,2837,3247,1655
8087,1839,2830,3246,1642
8087,1847,2835,3251,1639
8087,1842,2828,3246,1657
7720,1849,2830,3249,1665
8087,1840,2824,3241,1639
8056,1845,2834,3258,1644
8087,1840,2817,3239,1627
8087,1849,2835,3255,1653
7720,1844,2818,3234,1651
8087,1840,2834,3250,1651
8087,1845,2823,3237,1630
8087,1841,2828,3258,1659
7720,1849,2825,3237,1648
8087,1840,2830,3243,1653
8087,1850,2818,3237,1629
8087,1837,2820,3246,1658
7720,1850,2824,3240,1660
8087,1840,2830,3246,1654
8056,1853,2834,3244,1638
8087,1834,2819,3238,1633
8087,1850,2836,3252,1646
7720,1838,2817,3241,1655
8087,1848,2840,3241,1638
8087,1840,2810,3239,1629
8087,1845,2828,3247,1653
7720,1845,2810,3230,1657
8087,1845,2829,3244,1648
8087,1839,2825,3233,1635
8087,1836,2829,3249,1629
7720,1843,2820,3235,1661
8087,1842,2829,3250,1654
8056,1840,2811,3228,1638
8087,1844,2820,3248,1635
8087,1836,2811,3223,1650
7720,1843,2819,3238,1664
8087,1840,2828,3235,1637
8087,1836,2817,3233,1639
8087,1841,2822,3241,1649
7720,1840,2827,3238,1667
8087,1843,2826,3240,1645
8087,1839,2828,3246,1643
8087,1848,2823,3242,1623
8087,1834,2827,3246,1649
7720,1843,2825,3243,1647
8087,1835,2828,3245,1640
8087,1845,2829,3247,1631
8087,1839,2826,3245,1654
7720,1844,2837,3246,1653
8056,1833,2818,3246,1646
8087,1846,2847,3240,1636
8087,1839,2826,3244,1627
7720,1848,2837,3250,1664
8087,1830,2811,3237,1648
8087,1848,2830,3247,1643
8087,1836,2810,3230,1627
8087,1845,2826,3243,1650
7720,1835,2811,3233,1649
8087,1839,2826,3246,1648
8087,1839,2815,3241,1623
8087,1841,2830,3245,1659
7720,1841,2815,3232,1651
8056,1838,2829,3250,1654
8087,1849,2826,3243,1633
8087,1832,2824,3240,1639
8087,1849,2826,3240,1644
7720,1840,2821,3247,1660
8087,1852,2831,3246,1638
8087,1834,2816,3248,1632
8087,1848,2830,3243,1648
7720,1832,2820,3243,1659
8087,1849,2833,3247,1639
8087,1832,2817,3240,1634
8087,1846,2836,3255,1651
7720,1838,2818,3245,1660
8056,1845,2829,3246,1647
8087,1834,2825,3249,1640
8087,1841,2833,3250,1635
8087,1836,2820,3236,1649
7720,1849,2826,3244,1657
8087,1839,2818,3246,1640
8087,1836,2829,3247,1636
8087,1839,2822,3241,1647
7720,1842,2834,3247,1664
8087,1845,2828,3245,1638
8087,1845,2823,3253,1645
8087,1843,2824,3237,1653
7720,1838,2835,3243,1667
8056,1850,2822,3237,1642
8087,1839,2830,3250,1645
8087,1848,2822,3237,1623
8087,1839,2826,3249,1655
7720,1843,2823,3240,1648
8087,1838,2829,3252,1646
8087,1844,2828,3244,1627
8087,1832,2824,3251,1659
7720,1848,2833,3243,1657
8087,1837,2828,3245,1647
8087,1847,2838,3251,1637
8087,1838,2824,3255,1628
7720,1846,2843,3258,1663
8056,1833,2823,3242,1656
8087,1849,2839,3253,1641
8087,1830,2817,3246,1634
8087,1849,2834,3257,1652
7720,1836,2830,3240,1658
8087,1842,2842,3255,1647
8087,1839,2821,3247,1636
8087,1839,2843,3259,1666
7720,1839,2830,3245,1657
8087,1842,2833,3260,1652
8087,1844,2837,3254,1632
8087,1843,2838,3257,1635
8087,1846,2834,3251,1639
7720,1844,2838,3255,1659
8087,1848,2832,3249,1630
8087,1838,2828,3256,1634
8087,1845,2835,3249,1645
7720,1842,2826,3251,1654
8087,1851,2833,3253,1632
8087,1836,2819,3247,1633
8087,1849,2833,3251,1645
7720,1835,2819,3247,1661
8087,1851,2839,3253,1642
8087,1835,2820,3244,1633
8087,1849,2837,3262,1622
7720,1834,2829,3244,1664
8087,1847,2844,3256,1650
8087,1837,2830,3251,1635
8087,1848,2832,3258,1630
8087,1836,2828,3248,1650
7720,1849,2841,3255,1652
8087,1844,2823,3246,1636
8087,1834,2835,3259,1636
8087,1843,2825,3254,1643
7720,1844,2832,3256,1664
8087,1844,2835,3247,1638
8087,1840,2832,3262,1637
8087,1851,2830,3246,1649
7720,1843,2830,3257,1666
8087,1849,2847,3250,1642
8087,1843,2843,3260,1642
8087,1853,2835,3251,1619
7720,1835,2832,3251,1673
8087,1845,2842,3253,1643
8087,1837,2840,3254,1640
8087,1846,2832,3244,1623
8087,1831,2823,3248,1648
7720,1849,2832,3240,1650
8087,1832,2830,3250,1646
8087,1849,2840,3256,1631
8087,1835,2824,3252,1652
7720,1846,2841,3259,1658
8087,1836,2832,3252,1645
8087,1841,2841,3263,1634
8087,1832,2835,3256,1654
7720,1841,2846,3266,1661
8087,1842,2838,3253,1647
8087,1843,2849,3256,1644
8087,1838,2830,3250,1621
7720,1843,2844,3263,1670
8087,1842,2826,3248,1645
8087,1838,2849,3265,1653
8087,1846,2829,3255,1617
8087,1841,2836,3264,1658
7720,1848,2832,3251,1651
8087,1839,2840,3259,1642
8087,1844,2832,3244,1627
8087,1831,2828,3256,1659
7720,1850,2835,3245,1655
8087,1834,2831,3255,1648
8087,1853,2828,3243,1626
8087,1827,2823,3251,1662
7720,1848,2841,3251,1660
8087,1838,2830,3252,1646
8087,1845,2841,3244,1633
8087,1830,2820,3254,1629
7720,1850,2840,3257,1664
8087,1835,2816,3249,1651
8087,1849,2843,3253,1637
8087,1829,2823,3242,1630
8087,1843,2832,3258,1651
7720,1834,2813,3237,1652
8087,1845,2829,3249,1644
8087,1837,2814,3242,1627
8087,1835,2826,3255,1661
7720,1839,2814,3238,1654
8087,1836,2833,3251,1653
8087,1845,2820,3233,1623
8087,1843,2827,3253,1662
7720,1846,2821,3240,1654
8087,1834,2825,3248,1653
8087,1846,2825,3245,1626
8087,1832,2819,3247,1631
7720,1850,2829,3245,1661
8087,1832,2811,3245,1653
8087,1851,2829,3244,1635
8087,1827,2816,3249,1636
8087,1851,2836,3249,1641
7720,1830,2817,3248,1657
8087,1845,2838,3249,1639
8087,1833,2816,3241,1631
8087,1847,2831,3246,1652
7720,1834,2813,3237,1657
8087,1841,2825,3249,1643
8087,1835,2807,3237,1638
8087,1841,2826,3248,1657
7720,1834,2814,3238,1658
8087,1839,2827,3250,1653
8087,1837,2824,3250,1636
8087,1844,2829,3254,1636
8087,1845,2824,3245,1641
7720,1834,2823,3252,1662
8087,1845,2826,3249,1631
8087,1836,2819,3251,1641
8087,1841,2826,3235,1643
7720,1834,2826,3247,1661
8087,1848,2826,3244,1635
8087,1833,2823,3248,1636
8087,1850,2821,3240,1648
7720,1834,2818,3247,1660
8087,1846,2837,3245,1641
8087,1837,2823,3244,1634
8087,1846,2828,3244,1625
7720,1837,2820,3237,1667
8087,1838,2830,3245,1647
8087,1834,2827,3249,1638
8087,1846,2831,3256,1628
8087,1836,2818,3248,1645
7720,1843,2827,3249,1651
8087,1831,2822,3244,1637
8087,1843,2826,3258,1631
8087,1842,2814,3241,1647
7720,1840,2830,3249,1659
8087,1838,2820,3244,1637
8087,1838,2826,3246,1641
8087,1842,2823,3245,1646
7720,1839,2828,3249,1670
8087,1847,2826,3240,1641
8087,1838,2827,3248,1642
8087,1842,2823,3246,1625
7720,1838,2825,3256,1671
8087,1851,2824,3239,1639
8087,1838,2826,3251,1643
8087,1845,2817,3241,1622
8087,1838,2823,3242,1651
7720,1848,2823,3244,1647
8087,1836,2822,3248,1647
8087,1844,2822,3244,1623
8087,1832,2817,3245,1652
7720,1850,2822,3239,1651
8087,1833,2820,3247,1645
8087,1847,2819,3242,1629
8087,1837,2815,3240,1654
7720,1840,2818,3241,1659
8087,1830,2816,3238,1645
8087,1836,2826,3242,1637
8087,1835,2810,3233,1627
7720,1837,2819,3247,1669
8087,1838,2810,3233,1648
8087,1837,2825,3242,1645
8087,1837,2804,3232,1620
8087,1836,2825,3244,1658
7720,1833,2808,3229,1647
8087,1837,2818,3250,1648
8087,1842,2815,3237,1624
8087,1829,2823,3255,1658
7720,1843,2823,3239,1653
8087,1827,2823,3249,1652
8087,1844,2817,3236,1626
8087,1832,2825,3250,1660
7720,1850,2827,3242,1657
8087,1832,2819,3244,1645
8087,1843,2832,3246,1631
8087,1830,2815,3252,1631
7720,1845,2836,3252,1659
8087,1834,2826,3249,1654
8087,1844,2837,3254,1640
8087,1833,2815,3242,1632
8087,1844,2829,3256,1647
7720,1830,2813,3232,1656
8087,1847,2820,3247,1644
8087,1832,2800,3232,1635
8087,1842,2818,3249,1655
7720,1835,2810,3229,1653
8087,1833,2827,3246,1648
8087,1834,2808,3229,1633
8087,1838,2826,3247,1666
7720,1842,2819,3237,1653
8087,1838,2819,3239,1653
8087,1840,2813,3238,1630
8087,1833,2812,3240,1632
8087,1846,2813,3243,1638
7720,1835,2815,3242,1657
8087,1843,2811,3230,1633
8087,1828,2808,3229,1634
8087,1842,2808,3230,1649
7720,1828,2797,3229,1656
8087,1848,2813,3237,1636
8087,1826,2804,3237,1635
8087,1842,2828,3243,1649
7720,1837,2817,3244,1662
8087,1849,2828,3249,1638
8087,1837,2810,3237,1638
8087,1841,2822,3240,1623
7720,1835,2813,3231,1666
8087,1843,2820,3240,1655
8087,1835,2808,3227,1638
8087,1842,2801,3244,1632
8087,1842,2800,3225,1642
7720,1834,2806,3236,1656
8087,1835,2799,3225,1633
8087,1836,2810,3242,1636
