0,12750854,12756348,6,1446,10,239,234,241,237,244,251,nan,nan,nan,nan,12752258,12753052,12753754,12754425,12755096,12755768,nan,nan,nan,nan,
1,12756348,12761658,7,1757,10,254,243,251,255,251,249,254,nan,nan,nan,12757050,12757721,12758392,12759064,12759735,12760406,12761078,nan,nan,nan,
2,12761658,12766968,7,1751,10,254,249,252,254,244,249,249,nan,nan,nan,12762360,12763031,12763702,12764374,12765045,12765717,12766388,nan,nan,nan,
3,12766968,12772278,7,1666,10,243,235,230,235,241,242,240,nan,nan,nan,12767670,12768341,12769012,12769684,12770355,12771027,12771698,nan,nan,nan,
0,12777618,12783051,6,1416,10,230,240,240,236,237,233,nan,nan,nan,nan,12778595,12779785,12780457,12781128,12781799,12782471,nan,nan,nan,nan,
1,12783051,12788361,7,1755,10,252,254,251,249,251,254,244,nan,nan,nan,12783752,12784424,12785095,12785767,12786438,12787109,12787781,nan,nan,nan,
2,12788361,12793671,7,1780,10,255,252,254,254,255,257,253,nan,nan,nan,12789063,12789734,12790405,12791077,12791748,12792419,12793091,nan,nan,nan,
3,12793671,12798981,7,1668,10,236,232,235,239,238,245,243,nan,nan,nan,12794373,12795044,12795715,12796387,12797058,12797729,12798401,nan,nan,nan,
0,12804321,12809814,6,1429,10,236,238,238,238,242,237,nan,nan,nan,nan,12805511,12806519,12807220,12807892,12808563,12809235,nan,nan,nan,nan,
1,12809814,12815125,7,1748,10,249,250,251,251,253,251,243,nan,nan,nan,12810516,12811188,12811859,12812531,12813202,12813873,12814545,nan,nan,nan,
2,12815125,12820435,7,1747,10,244,245,254,253,246,254,251,nan,nan,nan,12815826,12816498,12817169,12817841,12818512,12819183,12819855,nan,nan,nan,
3,12820435,12825745,7,1654,10,229,232,238,238,235,238,244,nan,nan,nan,12821136,12821808,12822479,12823151,12823822,12824493,12825165,nan,nan,nan,
0,12831085,12836487,6,1437,10,240,242,241,232,237,245,nan,nan,nan,nan,12832458,12833191,12833893,12834564,12835236,12835907,nan,nan,nan,nan,
1,12836487,12841797,7,1751,10,253,254,253,245,248,251,247,nan,nan,nan,12837189,12837860,12838531,12839203,12839874,12840546,12841217,nan,nan,nan,
2,12841797,12847107,7,1765,10,256,251,251,251,251,249,256,nan,nan,nan,12842499,12843170,12843842,12844513,12845184,12845856,12846527,nan,nan,nan,
3,12847107,12852417,7,1703,10,240,241,238,247,247,243,247,nan,nan,nan,12847809,12848480,12849152,12849823,12850494,12851166,12851837,nan,nan,nan,
0,12857758,12863190,6,1450,10,243,235,232,244,245,251,nan,nan,nan,nan,12859161,12859894,12860596,12861267,12861938,12862610,nan,nan,nan,nan,
1,12863190,12868500,7,1761,10,246,256,248,247,253,254,257,nan,nan,nan,12863892,12864563,12865234,12865906,12866577,12867249,12867920,nan,nan,nan,
2,12868500,12873810,7,1772,10,257,248,254,256,257,253,247,nan,nan,nan,12869202,12869873,12870544,12871216,12871887,12872559,12873230,nan,nan,nan,
3,12873810,12879120,7,1722,10,244,247,244,246,248,249,244,nan,nan,nan,12874512,12875183,12875854,12876526,12877197,12877869,12878540,nan,nan,nan,
0,12884460,12889893,6,1493,10,249,244,248,254,247,251,nan,nan,nan,nan,12885651,12886597,12887299,12887970,12888641,12889313,nan,nan,nan,nan,
1,12889893,12895203,7,1806,10,254,256,260,257,262,258,259,nan,nan,nan,12890594,12891266,12891937,12892609,12893280,12893951,12894623,nan,nan,nan,
2,12895203,12900513,7,1762,10,250,248,251,260,253,252,248,nan,nan,nan,12895905,12896576,12897247,12897919,12898590,12899261,12899933,nan,nan,nan,
3,12900513,12905823,7,1729,10,249,245,248,244,246,247,250,nan,nan,nan,12901215,12901886,12902557,12903229,12903900,12904572,12905243,nan,nan,nan,
0,12911163,12916595,6,1471,10,246,242,243,248,246,246,nan,nan,nan,nan,12912567,12913300,12914001,12914673,12915344,12916016,nan,nan,nan,nan,
1,12916595,12921906,7,1799,10,262,257,254,257,261,254,254,nan,nan,nan,12917297,12917969,12918640,12919312,12919983,12920654,12921326,nan,nan,nan,
2,12921906,12927216,7,1758,10,251,246,253,254,254,248,252,nan,nan,nan,12922607,12923279,12923950,12924622,12925293,12925964,12926636,nan,nan,nan,
3,12927216,12932526,7,1704,10,243,240,244,240,240,248,249,nan,nan,nan,12927917,12928589,12929260,12929932,12930603,12931274,12931946,nan,nan,nan,
0,12937866,12943298,6,1464,10,239,249,243,247,240,246,nan,nan,nan,nan,12939240,12940033,12940704,12941376,12942047,12942719,nan,nan,nan,nan,
1,12943298,12948608,7,1781,10,254,257,256,255,254,251,254,nan,nan,nan,12944000,12944672,12945343,12946014,12946686,12947357,12948029,nan,nan,nan,
2,12948608,12953918,7,1862,10,265,262,266,270,267,264,268,nan,nan,nan,12949310,12949982,12950653,12951324,12951996,12952667,12953339,nan,nan,nan,
3,12953918,12959229,7,1824,10,252,259,252,259,269,265,268,nan,nan,nan,12954620,12955292,12955963,12956635,12957306,12957977,12958649,nan,nan,nan,
0,12964569,12969971,6,1709,10,291,292,281,286,280,279,nan,nan,nan,nan,12965942,12966705,12967377,12968048,12968719,12969391,nan,nan,nan,nan,
1,12969971,12975281,7,1969,10,289,284,279,281,281,282,273,nan,nan,nan,12970673,12971344,12972015,12972687,12973358,12974030,12974701,nan,nan,nan,
2,12975281,12980591,7,1899,10,276,279,271,267,268,265,273,nan,nan,nan,12975983,12976654,12977325,12977997,12978668,12979340,12980011,nan,nan,nan,
3,12980591,12985901,7,1822,10,262,257,262,262,262,264,253,nan,nan,nan,12981293,12981964,12982635,12983307,12983978,12984650,12985321,nan,nan,nan,
0,12991241,12996674,6,1559,10,257,256,256,262,263,265,nan,nan,nan,nan,12992645,12993378,12994080,12994751,12995422,12996094,nan,nan,nan,nan,
1,12996674,13001984,7,1867,10,266,261,270,268,272,268,262,nan,nan,nan,12997375,12998047,12998718,12999390,13000061,13000732,13001404,nan,nan,nan,
2,13001984,13007294,7,1823,10,262,265,257,256,262,261,260,nan,nan,nan,13002686,13003357,13004028,13004700,13005371,13006042,13006714,nan,nan,nan,
3,13007294,13012604,7,1742,10,247,248,254,246,248,251,248,nan,nan,nan,13007996,13008667,13009338,13010010,13010681,13011353,13012024,nan,nan,nan,
0,13017944,13023346,6,1517,10,251,257,252,257,254,246,nan,nan,nan,nan,13019104,13020081,13020752,13021423,13022095,13022766,nan,nan,nan,nan,
1,13023346,13028656,7,1825,10,260,260,262,261,265,254,263,nan,nan,nan,13024048,13024719,13025391,13026062,13026733,13027405,13028076,nan,nan,nan,
2,13028656,13033966,7,1839,10,262,260,265,260,262,266,264,nan,nan,nan,13029358,13030029,13030701,13031372,13032043,13032715,13033386,nan,nan,nan,
3,13033966,13039276,7,1758,10,246,247,254,246,254,254,257,nan,nan,nan,13034668,13035339,13036011,13036682,13037354,13038025,13038696,nan,nan,nan,
0,13044617,13050018,6,1535,10,254,258,251,254,259,259,nan,nan,nan,nan,13045776,13046722,13047424,13048096,13048767,13049438,nan,nan,nan,nan,
1,13050018,13055328,7,1802,10,260,262,256,257,254,252,261,nan,nan,nan,13050720,13051392,13052063,13052734,13053406,13054077,13054749,nan,nan,nan,
2,13055328,13060638,7,1818,10,264,263,255,265,260,256,255,nan,nan,nan,13056030,13056702,13057373,13058044,13058716,13059387,13060059,nan,nan,nan,
3,13060638,13065948,7,1757,10,245,246,249,252,251,254,260,nan,nan,nan,13061340,13062012,13062683,13063354,13064026,13064697,13065369,nan,nan,nan,
0,13071289,13076691,6,1511,10,250,252,246,252,254,257,nan,nan,nan,nan,13072449,13073395,13074097,13074768,13075439,13076111,nan,nan,nan,nan,
1,13076691,13082001,7,1829,10,262,260,260,262,265,263,257,nan,nan,nan,13077393,13078064,13078735,13079407,13080078,13080750,13081421,nan,nan,nan,
2,13082001,13087311,7,1811,10,254,261,254,257,262,260,263,nan,nan,nan,13082703,13083374,13084045,13084717,13085388,13086060,13086731,nan,nan,nan,
3,13087311,13092621,7,1722,10,247,247,250,245,241,245,247,nan,nan,nan,13088013,13088684,13089355,13090027,13090698,13091370,13092041,nan,nan,nan,
0,13097961,13103363,6,1495,10,251,251,251,249,250,243,nan,nan,nan,nan,13099121,13100067,13100769,13101440,13102112,13102783,nan,nan,nan,nan,
1,13103363,13108673,7,1792,10,264,257,254,263,253,250,251,nan,nan,nan,13104065,13104736,13105408,13106079,13106750,13107422,13108093,nan,nan,nan,
2,13108673,13113983,7,1800,10,254,256,262,264,259,253,252,nan,nan,nan,13109375,13110046,13110718,13111389,13112061,13112732,13113403,nan,nan,nan,
3,13113983,13119293,7,1736,10,244,251,243,242,254,251,251,nan,nan,nan,13114685,13115356,13116028,13116699,13117371,13118042,13118713,nan,nan,nan,
0,13124634,13130096,6,1504,10,251,249,251,249,248,256,nan,nan,nan,nan,13126007,13126801,13127502,13128174,13128845,13129517,nan,nan,nan,nan,
1,13130096,13135406,7,1781,10,255,250,260,262,253,251,250,nan,nan,nan,13130798,13131470,13132141,13132813,13133484,13134155,13134827,nan,nan,nan,
2,13135406,13140717,7,1823,10,261,260,262,263,265,250,262,nan,nan,nan,13136108,13136780,13137451,13138123,13138794,13139465,13140137,nan,nan,nan,
3,13140717,13146027,7,1756,10,249,243,250,250,256,254,254,nan,nan,nan,13141418,13142090,13142761,13143433,13144104,13144775,13145447,nan,nan,nan,
0,13151367,13156799,6,1510,10,246,253,251,252,257,251,nan,nan,nan,nan,13152527,13153503,13154205,13154877,13155548,13156219,nan,nan,nan,nan,
1,13156799,13162109,7,1782,10,254,251,257,257,251,254,258,nan,nan,nan,13157501,13158173,13158844,13159515,13160187,13160858,13161530,nan,nan,nan,
2,13162109,13167419,7,1803,10,261,262,262,253,254,260,251,nan,nan,nan,13162811,13163483,13164154,13164825,13165497,13166168,13166840,nan,nan,nan,
3,13167419,13172729,7,1735,10,246,245,249,251,250,248,246,nan,nan,nan,13168121,13168793,13169464,13170135,13170807,13171478,13172150,nan,nan,nan,
0,13178070,13183472,6,1507,10,254,251,249,251,260,242,nan,nan,nan,nan,13179443,13180206,13180878,13181549,13182220,13182892,nan,nan,nan,nan,
1,13183472,13188782,7,1819,10,265,263,260,257,260,257,257,nan,nan,nan,13184174,13184845,13185516,13186188,13186859,13187531,13188202,nan,nan,nan,
2,13188782,13194092,7,1783,10,258,252,256,251,251,257,258,nan,nan,nan,13189484,13190155,13190826,13191498,13192169,13192841,13193512,nan,nan,nan,
3,13194092,13199402,7,1723,10,249,243,240,250,244,243,254,nan,nan,nan,13194794,13195465,13196136,13196808,13197479,13198151,13198822,nan,nan,nan,
0,13204742,13210144,6,1484,10,245,246,244,247,257,245,nan,nan,nan,nan,13205902,13206848,13207550,13208221,13208893,13209564,nan,nan,nan,nan,
1,13210144,13215454,7,1810,10,260,262,258,260,255,257,258,nan,nan,nan,13210846,13211517,13212189,13212860,13213531,13214203,13214874,nan,nan,nan,
2,13215454,13220764,7,1817,10,257,260,257,262,262,257,262,nan,nan,nan,13216156,13216827,13217499,13218170,13218842,13219513,13220184,nan,nan,nan,
3,13220764,13226074,7,1745,10,246,248,249,249,252,248,253,nan,nan,nan,13221466,13222137,13222809,13223480,13224152,13224823,13225494,nan,nan,nan,
0,13231415,13236847,6,1509,10,252,251,246,253,254,253,nan,nan,nan,nan,13232574,13233582,13234253,13234924,13235596,13236267,nan,nan,nan,nan,
1,13236847,13242157,7,1796,10,263,257,254,254,251,260,257,nan,nan,nan,13237549,13238220,13238892,13239563,13240234,13240906,13241577,nan,nan,nan,
2,13242157,13247467,7,1803,10,258,265,260,261,257,251,251,nan,nan,nan,13242859,13243530,13244202,13244873,13245544,13246216,13246887,nan,nan,nan,
3,13247467,13252777,7,1734,10,239,251,251,250,253,249,241,nan,nan,nan,13248169,13248840,13249512,13250183,13250854,13251526,13252197,nan,nan,nan,
0,13258118,13263611,6,1498,10,247,254,243,247,253,254,nan,nan,nan,nan,13259521,13260315,13261017,13261688,13262360,13263031,nan,nan,nan,nan,
1,13263611,13268921,7,1820,10,257,261,260,260,260,262,260,nan,nan,nan,13264313,13264984,13265656,13266327,13266998,13267670,13268341,nan,nan,nan,
2,13268921,13274231,7,1826,10,261,260,262,263,262,257,261,nan,nan,nan,13269623,13270294,13270966,13271637,13272308,13272980,13273651,nan,nan,nan,
3,13274231,13279541,7,1755,10,249,248,251,251,248,256,252,nan,nan,nan,13274933,13275604,13276276,13276947,13277618,13278290,13278961,nan,nan,nan,
0,13284882,13290344,6,1501,10,248,247,251,246,254,255,nan,nan,nan,nan,13286041,13287079,13287750,13288422,13289093,13289764,nan,nan,nan,nan,
1,13290344,13295654,7,1780,10,251,257,259,254,256,251,252,nan,nan,nan,13291046,13291718,13292389,13293060,13293732,13294403,13295074,nan,nan,nan,
2,13295654,13300964,7,1802,10,260,259,258,251,260,260,254,nan,nan,nan,13296356,13297028,13297699,13298370,13299042,13299713,13300385,nan,nan,nan,
3,13300964,13306274,7,1736,10,248,251,252,251,243,246,245,nan,nan,nan,13301666,13302338,13303009,13303680,13304352,13305023,13305695,nan,nan,nan,
0,13311615,13317017,6,1497,10,246,249,251,253,252,246,nan,nan,nan,nan,13312775,13313721,13314423,13315094,13315765,13316437,nan,nan,nan,nan,
1,13317017,13322327,7,1800,10,262,258,258,260,254,254,254,nan,nan,nan,13317719,13318390,13319061,13319733,13320404,13321075,13321747,nan,nan,nan,
2,13322327,13327637,7,1757,10,245,257,245,248,251,257,254,nan,nan,nan,13323029,13323700,13324371,13325043,13325714,13326385,13327057,nan,nan,nan,
3,13327637,13332947,7,1671,10,243,240,233,238,239,240,238,nan,nan,nan,13328339,13329010,13329681,13330353,13331024,13331696,13332367,nan,nan,nan,
0,13338287,13343689,6,1424,10,235,235,237,238,236,243,nan,nan,nan,nan,13339447,13340424,13341095,13341766,13342438,13343109,nan,nan,nan,nan,
1,13343689,13348999,7,1769,10,252,251,250,256,257,245,258,nan,nan,nan,13344391,13345062,13345734,13346405,13347076,13347748,13348419,nan,nan,nan,
2,13348999,13354309,7,1778,10,254,254,259,257,245,253,256,nan,nan,nan,13349701,13350372,13351044,13351715,13352386,13353058,13353729,nan,nan,nan,
3,13354309,13359619,7,1693,10,235,244,235,244,244,245,246,nan,nan,nan,13355011,13355682,13356354,13357025,13357697,13358368,13359039,nan,nan,nan,
0,13364960,13370392,6,1397,10,230,229,232,229,239,238,nan,nan,nan,nan,13366150,13367126,13367798,13368469,13369141,13369812,nan,nan,nan,nan,
1,13370392,13375702,7,1699,10,244,243,243,243,243,240,243,nan,nan,nan,13371094,13371765,13372437,13373108,13373779,13374451,13375122,nan,nan,nan,
2,13375702,13381012,7,1717,10,250,246,249,240,240,245,247,nan,nan,nan,13376404,13377075,13377747,13378418,13379089,13379761,13380432,nan,nan,nan,
3,13381012,13386322,7,1678,10,236,240,240,243,241,245,233,nan,nan,nan,13381714,13382385,13383057,13383728,13384399,13385071,13385742,nan,nan,nan,
0,13391663,13397064,6,1414,10,227,235,238,240,241,233,nan,nan,nan,nan,13392609,13393799,13394470,13395142,13395813,13396484,nan,nan,nan,nan,
1,13397064,13402374,7,1740,10,244,247,249,251,249,249,251,nan,nan,nan,13397766,13398438,13399109,13399780,13400452,13401123,13401794,nan,nan,nan,
2,13402374,13407684,7,1711,10,246,243,245,246,243,239,249,nan,nan,nan,13403076,13403748,13404419,13405090,13405762,13406433,13407104,nan,nan,nan,
3,13407684,13412994,7,1697,10,241,235,239,247,244,246,245,nan,nan,nan,13408386,13409058,13409729,13410400,13411072,13411743,13412415,nan,nan,nan,
0,13418335,13423737,6,1433,10,238,244,235,234,236,246,nan,nan,nan,nan,13419708,13420441,13421143,13421814,13422485,13423157,nan,nan,nan,nan,
1,13423737,13429047,7,1773,10,252,256,256,249,249,254,257,nan,nan,nan,13424438,13425110,13425781,13426453,13427124,13427795,13428467,nan,nan,nan,
2,13429047,13434357,7,1797,10,254,258,259,255,258,257,256,nan,nan,nan,13429749,13430420,13431091,13431763,13432434,13433105,13433777,nan,nan,nan,
3,13434357,13439667,7,1728,10,246,241,245,248,251,246,251,nan,nan,nan,13435059,13435730,13436401,13437073,13437744,13438416,13439087,nan,nan,nan,
0,13445007,13450439,6,1494,10,249,247,250,248,246,254,nan,nan,nan,nan,13446411,13447144,13447845,13448517,13449188,13449860,nan,nan,nan,nan,
1,13450439,13455750,7,1782,10,257,263,253,251,257,247,254,nan,nan,nan,13451141,13451813,13452484,13453156,13453827,13454498,13455170,nan,nan,nan,
2,13455750,13461060,7,1815,10,260,260,262,257,263,260,253,nan,nan,nan,13456451,13457123,13457794,13458466,13459137,13459808,13460480,nan,nan,nan,
3,13461060,13466370,7,1750,10,245,241,250,251,252,254,257,nan,nan,nan,13461761,13462433,13463104,13463776,13464447,13465118,13465790,nan,nan,nan,
0,13471710,13477112,6,1525,10,252,253,257,254,255,254,nan,nan,nan,nan,13472870,13473846,13474518,13475189,13475861,13476532,nan,nan,nan,nan,
1,13477112,13482422,7,1808,10,256,256,257,263,256,260,260,nan,nan,nan,13477814,13478485,13479156,13479828,13480499,13481171,13481842,nan,nan,nan,
2,13482422,13487732,7,1795,10,257,264,257,254,255,257,251,nan,nan,nan,13483124,13483795,13484467,13485138,13485809,13486481,13487152,nan,nan,nan,
3,13487732,13493042,7,1759,10,249,251,243,259,249,249,259,nan,nan,nan,13488434,13489105,13489777,13490448,13491119,13491791,13492462,nan,nan,nan,
0,13498383,13503784,6,1578,10,265,263,264,260,262,264,nan,nan,nan,nan,13499756,13500488,13501190,13501862,13502533,13503204,nan,nan,nan,nan,
1,13503784,13509094,7,1920,10,277,276,274,277,276,271,269,nan,nan,nan,13504486,13505157,13505829,13506500,13507172,13507843,13508514,nan,nan,nan,
2,13509094,13514404,7,1913,10,270,270,275,274,280,271,273,nan,nan,nan,13509796,13510468,13511139,13511810,13512482,13513153,13513824,nan,nan,nan,
3,13514404,13519714,7,1809,10,260,258,255,257,259,260,260,nan,nan,nan,13515106,13515778,13516449,13517120,13517792,13518463,13519135,nan,nan,nan,
0,13525055,13530457,6,1575,10,262,257,262,261,268,265,nan,nan,nan,nan,13526215,13527161,13527863,13528534,13529205,13529877,nan,nan,nan,nan,
1,13530457,13535767,7,1843,10,270,261,262,261,262,262,265,nan,nan,nan,13531158,13531830,13532501,13533173,13533844,13534515,13535187,nan,nan,nan,
2,13535767,13541077,7,1829,10,265,265,255,262,263,257,262,nan,nan,nan,13536469,13537140,13537811,13538483,13539154,13539825,13540497,nan,nan,nan,
3,13541077,13546387,7,1778,10,245,257,257,251,257,254,257,nan,nan,nan,13541779,13542450,13543121,13543793,13544464,13545135,13545807,nan,nan,nan,
0,13551727,13557129,6,1541,10,260,250,258,257,260,256,nan,nan,nan,nan,13552887,13553833,13554535,13555206,13555878,13556549,nan,nan,nan,nan,
1,13557129,13562439,7,1846,10,267,262,265,266,261,262,263,nan,nan,nan,13557831,13558502,13559174,13559845,13560516,13561188,13561859,nan,nan,nan,
2,13562439,13567749,7,1806,10,263,257,252,253,257,264,260,nan,nan,nan,13563141,13563812,13564484,13565155,13565826,13566498,13567169,nan,nan,nan,
3,13567749,13573059,7,1726,10,247,249,247,240,246,249,248,nan,nan,nan,13568451,13569122,13569794,13570465,13571136,13571808,13572479,nan,nan,nan,
0,13578400,13583832,6,1492,10,248,248,245,251,249,251,nan,nan,nan,nan,13579559,13580566,13581238,13581909,13582581,13583252,nan,nan,nan,nan,
1,13583832,13589142,7,1822,10,260,262,262,258,260,260,260,nan,nan,nan,13584534,13585205,13585876,13586548,13587219,13587891,13588562,nan,nan,nan,
2,13589142,13594452,7,1822,10,261,252,262,260,262,262,263,nan,nan,nan,13589844,13590515,13591187,13591858,13592529,13593201,13593872,nan,nan,nan,
3,13594452,13599762,7,1729,10,251,243,246,253,243,241,252,nan,nan,nan,13595154,13595825,13596497,13597168,13597839,13598511,13599182,nan,nan,nan,
0,13605103,13610504,6,1499,10,250,246,250,253,247,253,nan,nan,nan,nan,13606262,13607239,13607910,13608582,13609253,13609924,nan,nan,nan,nan,
1,13610504,13615814,7,1782,10,260,254,256,258,252,250,252,nan,nan,nan,13611206,13611877,13612549,13613220,13613892,13614563,13615234,nan,nan,nan,
2,13615814,13621124,7,1804,10,260,262,257,259,258,255,253,nan,nan,nan,13616516,13617188,13617859,13618530,13619202,13619873,13620544,nan,nan,nan,
3,13621124,13626434,7,1752,10,244,249,251,251,254,251,252,nan,nan,nan,13621826,13622498,13623169,13623840,13624512,13625183,13625854,nan,nan,nan,
0,13631775,13637177,6,1521,10,250,249,255,257,255,255,nan,nan,nan,nan,13632935,13633911,13634583,13635254,13635925,13636597,nan,nan,nan,nan,
1,13637177,13642487,7,1834,10,257,257,262,265,266,262,265,nan,nan,nan,13637878,13638550,13639221,13639893,13640564,13641235,13641907,nan,nan,nan,
2,13642487,13647797,7,1826,10,258,265,261,266,261,260,255,nan,nan,nan,13643188,13643860,13644531,13645203,13645874,13646545,13647217,nan,nan,nan,
3,13647797,13653107,7,1769,10,256,255,257,250,252,248,251,nan,nan,nan,13648499,13649170,13649841,13650513,13651184,13651855,13652527,nan,nan,nan,
0,13658447,13663879,6,1523,10,259,255,254,252,254,249,nan,nan,nan,nan,13659637,13660614,13661285,13661957,13662628,13663300,nan,nan,nan,nan,
1,13663879,13669189,7,1831,10,263,262,263,257,260,264,262,nan,nan,nan,13664581,13665253,13665924,13666595,13667267,13667938,13668610,nan,nan,nan,
2,13669189,13674500,7,1822,10,257,256,264,262,262,259,262,nan,nan,nan,13669891,13670563,13671234,13671906,13672577,13673248,13673920,nan,nan,nan,
3,13674500,13679810,7,1736,10,239,246,254,244,246,249,258,nan,nan,nan,13675201,13675873,13676544,13677216,13677887,13678558,13679230,nan,nan,nan,
0,13685150,13690582,6,1506,10,257,254,247,251,249,248,nan,nan,nan,nan,13686310,13687317,13687988,13688660,13689331,13690002,nan,nan,nan,nan,
1,13690582,13695892,7,1826,10,263,262,263,263,261,253,261,nan,nan,nan,13691284,13691956,13692627,13693298,13693970,13694641,13695313,nan,nan,nan,
2,13695892,13701202,7,1822,10,262,266,262,261,251,260,260,nan,nan,nan,13696594,13697266,13697937,13698608,13699280,13699951,13700623,nan,nan,nan,
3,13701202,13706512,7,1731,10,250,240,239,246,251,252,253,nan,nan,nan,13701904,13702576,13703247,13703918,13704590,13705261,13705933,nan,nan,nan,
0,13711853,13717255,6,1491,10,247,244,248,250,251,251,nan,nan,nan,nan,13713013,13713989,13714661,13715332,13716003,13716675,nan,nan,nan,nan,
1,13717255,13722565,7,1782,10,251,255,251,259,248,259,259,nan,nan,nan,13717957,13718628,13719299,13719971,13720642,13721313,13721985,nan,nan,nan,
2,13722565,13727875,7,1769,10,251,256,252,259,250,250,251,nan,nan,nan,13723267,13723938,13724609,13725281,13725952,13726624,13727295,nan,nan,nan,
3,13727875,13733185,7,1735,10,243,246,253,254,250,245,244,nan,nan,nan,13728577,13729248,13729919,13730591,13731262,13731934,13732605,nan,nan,nan,
0,13738525,13743927,6,1456,10,245,242,235,253,243,238,nan,nan,nan,nan,13739685,13740662,13741333,13742004,13742676,13743347,nan,nan,nan,nan,
1,13743927,13749237,7,1753,10,249,251,253,251,252,243,254,nan,nan,nan,13744629,13745300,13745972,13746643,13747314,13747986,13748657,nan,nan,nan,
2,13749237,13754547,7,1741,10,251,243,243,254,247,250,253,nan,nan,nan,13749939,13750610,13751282,13751953,13752625,13753296,13753967,nan,nan,nan,
3,13754547,13759857,7,1684,10,243,238,238,244,236,242,243,nan,nan,nan,13755249,13755920,13756592,13757263,13757935,13758606,13759277,nan,nan,nan,
0,13765198,13770630,6,1449,10,243,233,245,246,241,241,nan,nan,nan,nan,13766388,13767365,13768036,13768707,13769379,13770050,nan,nan,nan,nan,
1,13770630,13775940,7,1759,10,257,256,256,254,245,246,245,nan,nan,nan,13771332,13772003,13772675,13773346,13774017,13774689,13775360,nan,nan,nan,
2,13775940,13781250,7,1779,10,250,256,254,257,256,254,252,nan,nan,nan,13776642,13777313,13777985,13778656,13779327,13779999,13780670,nan,nan,nan,
3,13781250,13786560,7,1682,10,238,235,237,242,242,245,243,nan,nan,nan,13781952,13782623,13783295,13783966,13784637,13785309,13785980,nan,nan,nan,
0,13791901,13797333,6,1427,10,235,230,238,235,244,245,nan,nan,nan,nan,13792847,13794067,13794739,13795410,13796082,13796753,nan,nan,nan,nan,
1,13797333,13802643,7,1722,10,249,250,244,243,246,243,247,nan,nan,nan,13798035,13798706,13799377,13800049,13800720,13801392,13802063,nan,nan,nan,
2,13802643,13807953,7,1774,10,251,254,254,256,252,254,253,nan,nan,nan,13803345,13804016,13804688,13805359,13806030,13806702,13807373,nan,nan,nan,
3,13807953,13813263,7,1709,10,241,242,244,239,249,247,247,nan,nan,nan,13808655,13809326,13809998,13810669,13811340,13812012,13812683,nan,nan,nan,
0,13818604,13824005,6,1467,10,236,240,247,249,246,249,nan,nan,nan,nan,13819763,13820709,13821411,13822083,13822754,13823425,nan,nan,nan,nan,
1,13824005,13829315,7,1761,10,254,249,257,245,257,245,254,nan,nan,nan,13824707,13825378,13826050,13826721,13827393,13828064,13828735,nan,nan,nan,
2,13829315,13834625,7,1760,10,257,249,253,250,251,249,251,nan,nan,nan,13830017,13830688,13831360,13832031,13832703,13833374,13834045,nan,nan,nan,
3,13834625,13839935,7,1692,10,244,238,235,240,246,243,246,nan,nan,nan,13835327,13835999,13836670,13837341,13838013,13838684,13839355,nan,nan,nan,
0,13845276,13850647,6,1455,10,245,238,243,240,243,246,nan,nan,nan,nan,13846649,13847382,13848053,13848724,13849396,13850067,nan,nan,nan,nan,
1,13850647,13855957,7,1776,10,255,256,249,258,250,254,254,nan,nan,nan,13851349,13852020,13852692,13853363,13854034,13854706,13855377,nan,nan,nan,
2,13855957,13861267,7,1787,10,249,256,254,257,255,259,257,nan,nan,nan,13856659,13857330,13858002,13858673,13859344,13860016,13860687,nan,nan,nan,
3,13861267,13866577,7,1725,10,237,248,247,243,252,247,251,nan,nan,nan,13861969,13862640,13863312,13863983,13864655,13865326,13865997,nan,nan,nan,
0,13871918,13877350,6,1478,10,240,250,241,251,257,239,nan,nan,nan,nan,13872864,13874084,13874756,13875427,13876099,13876770,nan,nan,nan,nan,
1,13877350,13882660,7,1770,10,262,257,252,254,245,250,250,nan,nan,nan,13878052,13878723,13879395,13880066,13880737,13881409,13882080,nan,nan,nan,
2,13882660,13887970,7,1795,10,256,257,261,256,250,261,254,nan,nan,nan,13883362,13884033,13884705,13885376,13886047,13886719,13887390,nan,nan,nan,
3,13887970,13893280,7,1722,10,244,239,248,250,249,250,242,nan,nan,nan,13888672,13889343,13890015,13890686,13891357,13892029,13892700,nan,nan,nan,
0,13898621,13904022,6,1486,10,246,243,239,253,248,257,nan,nan,nan,nan,13899994,13900726,13901428,13902100,13902771,13903442,nan,nan,nan,nan,
1,13904022,13909332,7,1793,10,260,251,251,260,256,260,255,nan,nan,nan,13904724,13905396,13906067,13906738,13907410,13908081,13908752,nan,nan,nan,
2,13909332,13914642,7,1801,10,257,255,254,257,262,258,258,nan,nan,nan,13910034,13910706,13911377,13912048,13912720,13913391,13914063,nan,nan,nan,
3,13914642,13919952,7,1728,10,245,248,244,244,257,245,245,nan,nan,nan,13915344,13916016,13916687,13917358,13918030,13918701,13919373,nan,nan,nan,
0,13925293,13930695,6,1509,10,254,252,249,251,254,249,nan,nan,nan,nan,13926666,13927399,13928101,13928772,13929443,13930115,nan,nan,nan,nan,
1,13930695,13936005,7,1829,10,262,263,262,261,269,255,257,nan,nan,nan,13931396,13932068,13932739,13933411,13934082,13934753,13935425,nan,nan,nan,
2,13936005,13941315,7,1848,10,262,268,257,262,265,268,266,nan,nan,nan,13936707,13937378,13938049,13938721,13939392,13940063,13940735,nan,nan,nan,
3,13941315,13946625,7,1812,10,256,252,254,257,264,264,265,nan,nan,nan,13942017,13942688,13943359,13944031,13944702,13945374,13946045,nan,nan,nan,
0,13951965,13957367,6,1651,10,268,280,279,274,273,277,nan,nan,nan,nan,13952881,13954071,13954773,13955444,13956116,13956787,nan,nan,nan,nan,
1,13957367,13962677,7,1922,10,274,275,279,276,278,272,268,nan,nan,nan,13958069,13958740,13959412,13960083,13960754,13961426,13962097,nan,nan,nan,
2,13962677,13967987,7,1917,10,284,276,281,277,267,267,265,nan,nan,nan,13963379,13964050,13964722,13965393,13966064,13966736,13967407,nan,nan,nan,
3,13967987,13973297,7,1827,10,263,255,262,259,263,268,257,nan,nan,nan,13968689,13969360,13970032,13970703,13971375,13972046,13972717,nan,nan,nan,
0,13978638,13984100,6,1565,10,262,262,260,260,261,260,nan,nan,nan,nan,13979614,13980804,13981506,13982178,13982849,13983521,nan,nan,nan,nan,
1,13984100,13989410,7,1832,10,260,268,264,262,254,265,259,nan,nan,nan,13984802,13985474,13986145,13986816,13987488,13988159,13988831,nan,nan,nan,
2,13989410,13994720,7,1806,10,262,262,265,255,254,251,257,nan,nan,nan,13990112,13990784,13991455,13992126,13992798,13993469,13994141,nan,nan,nan,
3,13994720,14000031,7,1742,10,252,243,251,239,253,252,252,nan,nan,nan,13995422,13996094,13996765,13997437,13998108,13998779,13999451,nan,nan,nan,
0,14005371,14010773,6,1522,10,251,254,256,254,256,251,nan,nan,nan,nan,14006744,14007477,14008179,14008850,14009521,14010193,nan,nan,nan,nan,
1,14010773,14016083,7,1830,10,265,261,260,260,262,263,259,nan,nan,nan,14011475,14012146,14012817,14013489,14014160,14014832,14015503,nan,nan,nan,
2,14016083,14021393,7,1800,10,249,259,257,251,260,264,260,nan,nan,nan,14016785,14017456,14018127,14018799,14019470,14020142,14020813,nan,nan,nan,
3,14021393,14026703,7,1733,10,243,239,246,251,249,249,256,nan,nan,nan,14022095,14022766,14023438,14024109,14024780,14025452,14026123,nan,nan,nan,
0,14032043,14037445,6,1510,10,251,254,252,253,249,251,nan,nan,nan,nan,14033203,14034149,14034851,14035522,14036194,14036865,nan,nan,nan,nan,
1,14037445,14042755,7,1794,10,262,263,260,251,255,254,249,nan,nan,nan,14038147,14038818,14039490,14040161,14040833,14041504,14042175,nan,nan,nan,
2,14042755,14048065,7,1800,10,258,261,264,260,251,252,254,nan,nan,nan,14043457,14044128,14044800,14045471,14046143,14046814,14047485,nan,nan,nan,
3,14048065,14053375,7,1748,10,245,252,246,254,250,252,249,nan,nan,nan,14048767,14049438,14050110,14050781,14051453,14052124,14052795,nan,nan,nan,
0,14058716,14064117,6,1509,10,250,252,248,252,251,256,nan,nan,nan,nan,14059875,14060852,14061523,14062195,14062866,14063538,nan,nan,nan,nan,
1,14064117,14069427,7,1786,10,262,257,251,255,254,255,252,nan,nan,nan,14064819,14065491,14066162,14066833,14067505,14068176,14068848,nan,nan,nan,
2,14069427,14074738,7,1794,10,260,254,251,265,259,254,251,nan,nan,nan,14070129,14070801,14071472,14072144,14072815,14073486,14074158,nan,nan,nan,
3,14074738,14080048,7,1743,10,245,247,249,251,251,249,251,nan,nan,nan,14075439,14076111,14076782,14077454,14078125,14078796,14079468,nan,nan,nan,
0,14085388,14090851,6,1503,10,246,246,251,249,254,257,nan,nan,nan,nan,14086548,14087555,14088257,14088928,14089600,14090271,nan,nan,nan,nan,
1,14090851,14096161,7,1795,10,252,251,260,254,259,259,260,nan,nan,nan,14091553,14092224,14092896,14093567,14094238,14094910,14095581,nan,nan,nan,
2,14096161,14101471,7,1802,10,260,260,257,251,254,260,260,nan,nan,nan,14096863,14097534,14098206,14098877,14099548,14100220,14100891,nan,nan,nan,
3,14101471,14106781,7,1724,10,247,248,246,244,246,243,250,nan,nan,nan,14102173,14102844,14103516,14104187,14104858,14105530,14106201,nan,nan,nan,
0,14112122,14117523,6,1494,10,253,243,252,249,250,247,nan,nan,nan,nan,14113281,14114227,14114929,14115601,14116272,14116943,nan,nan,nan,nan,
1,14117523,14122833,7,1812,10,261,259,263,263,256,253,257,nan,nan,nan,14118225,14118896,14119568,14120239,14120911,14121582,14122253,nan,nan,nan,
2,14122833,14128143,7,1803,10,250,252,261,260,259,258,263,nan,nan,nan,14123535,14124207,14124878,14125549,14126221,14126892,14127563,nan,nan,nan,
3,14128143,14133453,7,1724,10,236,243,246,245,253,250,251,nan,nan,nan,14128845,14129517,14130188,14130859,14131531,14132202,14132874,nan,nan,nan,
0,14138794,14144196,6,1490,10,246,246,250,251,249,248,nan,nan,nan,nan,14139954,14140930,14141602,14142273,14142944,14143616,nan,nan,nan,nan,
1,14144196,14149506,7,1748,10,253,248,251,248,251,246,251,nan,nan,nan,14144897,14145569,14146240,14146912,14147583,14148254,14148926,nan,nan,nan,
2,14149506,14154816,7,1722,10,245,245,247,250,246,238,251,nan,nan,nan,14150208,14150879,14151550,14152222,14152893,14153564,14154236,nan,nan,nan,
3,14154816,14160126,7,1665,10,227,236,242,238,243,240,239,nan,nan,nan,14155518,14156189,14156860,14157532,14158203,14158875,14159546,nan,nan,nan,
0,14165466,14170868,6,1404,10,231,227,228,241,237,240,nan,nan,nan,nan,14166626,14167603,14168274,14168945,14169617,14170288,nan,nan,nan,nan,
1,14170868,14176178,7,1724,10,243,251,243,249,245,248,245,nan,nan,nan,14171570,14172241,14172913,14173584,14174255,14174927,14175598,nan,nan,nan,
2,14176178,14181488,7,1738,10,251,244,246,247,252,246,252,nan,nan,nan,14176880,14177551,14178223,14178894,14179565,14180237,14180908,nan,nan,nan,
3,14181488,14186798,7,1683,10,243,240,240,242,239,243,236,nan,nan,nan,14182190,14182861,14183533,14184204,14184875,14185547,14186218,nan,nan,nan,
0,14192139,14197601,6,1452,10,237,236,246,244,245,244,nan,nan,nan,nan,14193298,14194336,14195007,14195679,14196350,14197021,nan,nan,nan,nan,
1,14197601,14202911,7,1765,10,249,249,255,254,253,254,251,nan,nan,nan,14198303,14198975,14199646,14200317,14200989,14201660,14202332,nan,nan,nan,
2,14202911,14208221,7,1761,10,246,247,255,254,257,248,254,nan,nan,nan,14203613,14204285,14204956,14205627,14206299,14206970,14207642,nan,nan,nan,
3,14208221,14213531,7,1702,10,240,246,242,240,241,243,250,nan,nan,nan,14208923,14209595,14210266,14210938,14211609,14212280,14212952,nan,nan,nan,
0,14218872,14224274,6,1462,10,242,241,235,250,243,251,nan,nan,nan,nan,14220032,14221008,14221680,14222351,14223022,14223694,nan,nan,nan,nan,
1,14224274,14229584,7,1775,10,259,257,257,245,257,246,254,nan,nan,nan,14224976,14225647,14226318,14226990,14227661,14228333,14229004,nan,nan,nan,
2,14229584,14234894,7,1787,10,259,255,254,251,257,257,254,nan,nan,nan,14230286,14230957,14231628,14232300,14232971,14233643,14234314,nan,nan,nan,
3,14234894,14240204,7,1729,10,239,246,245,248,249,251,251,nan,nan,nan,14235596,14236267,14236938,14237610,14238281,14238953,14239624,nan,nan,nan,
0,14245544,14250946,6,1464,10,242,242,242,243,248,247,nan,nan,nan,nan,14246704,14247681,14248352,14249023,14249695,14250366,nan,nan,nan,nan,
1,14250946,14256256,7,1771,10,250,251,251,249,254,259,257,nan,nan,nan,14251648,14252319,14252991,14253662,14254333,14255005,14255676,nan,nan,nan,
2,14256256,14261566,7,1754,10,246,253,249,251,251,253,251,nan,nan,nan,14256958,14257629,14258301,14258972,14259644,14260315,14260986,nan,nan,nan,
3,14261566,14266876,7,1737,10,248,247,248,246,246,253,249,nan,nan,nan,14262268,14262939,14263611,14264282,14264954,14265625,14266296,nan,nan,nan,
0,14272217,14277618,6,1458,10,241,238,240,245,251,243,nan,nan,nan,nan,14273376,14274353,14275024,14275696,14276367,14277039,nan,nan,nan,nan,
1,14277618,14282928,7,1784,10,249,257,251,256,257,260,254,nan,nan,nan,14278320,14278992,14279663,14280334,14281006,14281677,14282349,nan,nan,nan,
2,14282928,14288239,7,1800,10,254,257,259,251,259,263,257,nan,nan,nan,14283630,14284302,14284973,14285645,14286316,14286987,14287659,nan,nan,nan,
3,14288239,14293549,7,1716,10,243,243,243,252,239,245,251,nan,nan,nan,14288940,14289612,14290283,14290955,14291626,14292297,14292969,nan,nan,nan,
0,14298889,14304352,6,1468,10,246,245,243,243,240,251,nan,nan,nan,nan,14300079,14301086,14301758,14302429,14303101,14303772,nan,nan,nan,nan,
1,14304352,14309662,7,1792,10,257,258,255,260,256,248,258,nan,nan,nan,14305054,14305725,14306396,14307068,14307739,14308411,14309082,nan,nan,nan,
2,14309662,14314972,7,1800,10,262,249,257,261,260,254,257,nan,nan,nan,14310364,14311035,14311707,14312378,14313049,14313721,14314392,nan,nan,nan,
3,14314972,14320282,7,1711,10,237,239,249,245,245,251,245,nan,nan,nan,14315674,14316345,14317017,14317688,14318359,14319031,14319702,nan,nan,nan,
0,14325623,14331024,6,1516,10,245,255,251,257,254,254,nan,nan,nan,nan,14326782,14327728,14328430,14329102,14329773,14330444,nan,nan,nan,nan,
1,14331024,14336334,7,1797,10,262,254,252,257,254,263,255,nan,nan,nan,14331726,14332397,14333069,14333740,14334412,14335083,14335754,nan,nan,nan,
2,14336334,14341644,7,1817,10,263,265,262,260,255,254,258,nan,nan,nan,14337036,14337708,14338379,14339050,14339722,14340393,14341064,nan,nan,nan,
3,14341644,14346954,7,1766,10,251,251,254,251,253,251,255,nan,nan,nan,14342346,14343018,14343689,14344360,14345032,14345703,14346375,nan,nan,nan,
0,14352295,14357697,6,1514,10,257,246,249,254,251,257,nan,nan,nan,nan,14353455,14354431,14355103,14355774,14356445,14357117,nan,nan,nan,nan,
1,14357697,14363007,7,1819,10,256,257,261,263,260,258,264,nan,nan,nan,14358398,14359070,14359741,14360413,14361084,14361755,14362427,nan,nan,nan,
2,14363007,14368317,7,1800,10,260,254,256,251,257,262,260,nan,nan,nan,14363708,14364380,14365051,14365723,14366394,14367065,14367737,nan,nan,nan,
3,14368317,14373627,7,1729,10,248,251,245,242,249,243,251,nan,nan,nan,14369019,14369690,14370361,14371033,14371704,14372375,14373047,nan,nan,nan,
0,14378967,14384369,6,1493,10,251,252,248,249,250,243,nan,nan,nan,nan,14379883,14381104,14381775,14382446,14383118,14383789,nan,nan,nan,nan,
1,14384369,14389679,7,1800,10,257,259,263,260,257,251,253,nan,nan,nan,14385071,14385742,14386414,14387085,14387756,14388428,14389099,nan,nan,nan,
2,14389679,14394989,7,1798,10,254,257,257,258,258,256,258,nan,nan,nan,14390381,14391052,14391724,14392395,14393066,14393738,14394409,nan,nan,nan,
3,14394989,14400299,7,1732,10,252,244,248,244,246,249,249,nan,nan,nan,14395691,14396362,14397034,14397705,14398376,14399048,14399719,nan,nan,nan,
0,14405640,14411102,6,1492,10,245,245,253,246,253,250,nan,nan,nan,nan,14406616,14407715,14408508,14409180,14409851,14410522,nan,nan,nan,nan,
1,14411102,14416412,7,1799,10,257,265,261,253,253,252,258,nan,nan,nan,14411804,14412476,14413147,14413818,14414490,14415161,14415833,nan,nan,nan,
2,14416412,14421722,7,1855,10,265,263,265,263,267,268,264,nan,nan,nan,14417114,14417786,14418457,14419128,14419800,14420471,14421143,nan,nan,nan,
3,14421722,14427032,7,1814,10,255,253,259,252,263,263,269,nan,nan,nan,14422424,14423096,14423767,14424438,14425110,14425781,14426453,nan,nan,nan,
0,14432373,14437775,6,1677,10,281,284,275,282,277,278,nan,nan,nan,nan,14433533,14434509,14435181,14435852,14436523,14437195,nan,nan,nan,nan,
1,14437775,14443085,7,1978,10,290,281,280,274,283,287,283,nan,nan,nan,14438477,14439148,14439819,14440491,14441162,14441833,14442505,nan,nan,nan,
2,14443085,14448395,7,1985,10,287,287,279,286,287,279,280,nan,nan,nan,14443787,14444458,14445129,14445801,14446472,14447144,14447815,nan,nan,nan,
3,14448395,14453705,7,1966,10,282,284,283,287,275,278,277,nan,nan,nan,14449097,14449768,14450439,14451111,14451782,14452454,14453125,nan,nan,nan,
0,14459045,14464478,6,1818,10,303,307,300,306,301,301,nan,nan,nan,nan,14460236,14461212,14461884,14462555,14463226,1446389
